BestFitnessMean,AverageFitnessMean
51367.75,87607.68509999999
47551.3,82331.24949999999
44971.45,78335.26580000001
42748.65,74953.86330000001
41121.4,71921.9717
39648.35,69229.49039999998
37819.0,66860.2014
37061.1,64856.7019
36019.25,62950.2552
35288.65,61314.5258
34744.7,59769.6188
34363.6,58336.3149
33303.65,57136.822199999995
33049.7,56031.36610000001
32506.75,54954.4836
32041.3,54081.023100000006
31640.45,53398.10770000001
31296.8,53114.5322
31077.65,52849.51460000001
30913.45,52283.557799999995
30731.75,52013.6437
30550.2,51566.372800000005
30448.05,51400.36630000001
30349.05,51058.784999999996
30271.9,50832.3043
30056.95,50486.4187
29878.05,50238.2099
29712.75,50056.4232
29557.0,49850.1172
29411.95,49644.348000000005
29355.9,49425.240099999995
29244.6,49473.5486
29129.7,49272.48469999999
29087.95,49044.49820000001
28832.6,48747.7111
28832.6,48542.5414
28760.3,48448.222499999996
28739.0,48551.8207
28656.3,48496.74990000001
28608.55,48444.09390000001
28464.65,48490.98090000001
28414.45,48390.902200000004
28378.55,48378.100300000006
28329.1,48401.27620000001
28128.95,48262.6802
27986.65,47976.912899999996
27930.5,47798.829900000004
27861.75,47454.9321
27726.4,47224.45740000001
27598.8,47086.503200000014
27587.05,47095.3948
27572.4,46992.9284
27454.3,46999.631400000006
27321.55,46911.7146
27282.7,46640.32230000001
27280.55,46627.303499999995
27242.55,46383.5308
27226.35,46387.128500000006
27174.05,46279.90239999999
27135.85,46182.606900000006
27093.15,46132.0938
27059.3,45882.0538
26990.9,45796.80699999999
26928.95,45603.79569999999
26900.95,45642.9636
26886.65,45505.47900000001
26817.05,45444.23589999999
26790.85,45515.2302
26776.55,45519.120500000005
26772.6,45565.89900000001
26765.25,45770.9817
26765.25,45873.05570000001
26745.7,46016.3081
26704.35,45997.64460000001
26701.45,45980.03049999999
26688.4,46093.98140000001
26660.2,46178.5765
26649.35,46136.6585
26645.45,46246.59680000001
26641.15,46309.795699999995
26641.15,46112.49460000001
26641.0,45891.137500000004
26638.6,45666.6527
26620.9,45587.9924
26587.1,45693.2177
26587.1,45669.524300000005
26544.1,45526.049399999996
26544.0,45519.302899999995
26523.9,45542.6544
26513.55,45609.36059999999
26513.55,45485.1607
26506.1,45705.1254
26513.25,45825.22720000001
26499.6,45770.1674
26493.1,45844.505900000004
26488.05,45779.4896
26484.45,45703.387899999994
26475.45,45838.5607
26469.05,45710.915
26469.05,45369.581399999995
26441.55,45236.1016
26422.8,44955.352999999996
26421.25,44942.828499999996
26419.45,44974.66600000001
26412.15,45028.155799999986
26404.85,44811.172999999995
26392.55,44759.695499999994
26381.45,44659.614799999996
26366.05,44477.7208
26366.05,44390.74680000001
26361.25,44235.941199999994
26361.25,44295.411100000005
26351.7,44210.666
26344.35,44002.4666
26343.1,43853.4335
26343.1,43840.2412
26339.4,43763.80830000001
26332.35,43618.6213
26324.2,43497.513300000006
26319.05,43651.9805
26319.05,43831.402799999996
26319.05,43972.9311
26311.2,44110.57579999999
26307.95,44138.0363
26304.3,44178.37759999999
26304.3,44178.7979
26288.65,44151.835399999996
26288.65,44204.489700000006
26273.2,44303.82729999999
26259.9,44312.744300000006
26251.0,44240.758
26258.1,44311.2836
26253.55,44530.018299999996
26253.45,44325.9094
26250.4,44108.4755
26237.5,44103.27909999999
26235.75,43887.86580000001
26230.25,43760.5782
26230.25,43587.89329999999
26230.25,43449.210699999996
26228.6,43438.69490000001
26228.1,43435.1392
26227.25,43249.068
26226.8,43152.04740000001
26226.8,43038.22319999999
26226.8,42919.9869
26226.65,42975.4585
26226.65,42932.7929
26221.5,43010.48840000001
26221.5,43199.92570000001
26210.4,43255.474700000006
26210.4,42978.610100000005
26205.4,43046.9047
26198.05,42941.18579999999
26198.05,42918.3336
26203.7,42954.0905
26199.4,42883.4688
26199.4,42814.2699
26192.1,42975.1418
26183.1,42907.1557
26178.15,43065.0882
26178.15,42903.6132
26157.55,42798.0208
26157.55,42474.7734
26157.55,42296.246699999996
26168.6,42059.8585
26166.45,41826.025400000006
26166.45,41666.2573
26166.45,41523.2099
26166.45,41450.7541
26162.15,41256.8856
26162.15,41202.644
26154.1,41106.102399999996
26139.2,41220.047000000006
26139.2,41143.9798
26134.05,41236.64030000001
26133.9,41201.7284
26133.9,41254.071899999995
26133.9,41369.4943
26133.9,41465.414000000004
26133.9,41455.50679999999
26132.55,41425.883499999996
26130.95,41369.2753
26121.7,41344.86779999999
26121.7,41400.96579999999
26121.7,41246.5381
26118.2,41262.05790000001
26118.2,41163.995500000005
26115.15,41081.97779999999
26103.1,41135.68959999999
26103.1,41219.6333
26089.35,41184.49710000001
26085.05,40947.366400000006
26068.5,40894.426699999996
26068.35,40930.1424
26055.95,40869.836599999995
26055.95,40915.5639
26048.35,40705.494099999996
26049.15,40810.1559
26037.25,40645.45460000001
26037.25,40552.00769999999
26037.25,40531.4638
26037.25,40378.6042
26037.25,40296.28159999999
26031.95,40278.283299999996
26022.25,40216.87240000001
26022.25,40181.9918
26022.25,40170.429099999994
26017.95,39984.97370000001
26017.95,39898.446099999994
26017.95,39753.0813
26017.95,39625.6286
26008.25,39567.7546
26003.8,39552.36349999999
26003.25,39485.494300000006
25997.0,39529.7669
25988.8,39661.104600000006
25988.65,39595.11120000001
25988.65,39628.58899999999
25988.65,39557.9747
25988.65,39617.980800000005
25984.4,39629.37909999999
25982.25,39774.125799999994
25982.25,39836.7698
25982.25,39730.917700000005
25982.25,39724.841
25982.25,39753.0563
25982.25,39675.792
25980.85,39416.310900000004
25975.8,39475.414800000006
25975.8,39260.748100000004
25972.75,39374.277100000014
25972.75,39453.44530000001
25972.75,39516.900299999994
25961.2,39638.845
25961.05,39696.8314
25961.05,39726.3575
25961.05,39813.6973
25960.9,39843.777
25960.05,39885.610100000005
25960.05,39947.1086
25942.3,39877.8563
25942.3,39854.9795
25942.3,39862.1707
25939.65,39662.9332
25939.65,39727.623700000004
25939.65,39606.84329999999
25935.9,39550.72089999999
25935.9,39425.6863
25935.9,39337.6014
25935.9,39160.58490000001
25935.9,39109.3391
25935.9,38925.15699999999
25935.9,38833.5687
25935.9,38811.1831
25935.9,38757.7006
25935.9,38739.5837
25935.9,38687.9822
25935.9,38616.872800000005
25935.9,38615.47899999999
25935.9,38588.1153
25935.9,38569.6732
25935.9,38476.5708
25935.9,38455.2424
25935.9,38249.860100000005
25935.9,38229.789399999994
25935.9,38023.556500000006
25935.9,38199.120500000005
25935.9,38180.4911
25935.75,38123.02770000001
25935.75,38073.6888
25935.75,37990.666
25931.45,37997.0731
25931.45,37818.64850000001
25931.45,37715.510700000006
25931.45,37626.895399999994
25931.45,37444.7114
25931.45,37220.0862
25931.45,36991.7344
25931.45,36734.2647
25931.45,36725.792299999994
25931.45,36678.735799999995
25931.45,36675.47809999999
25931.45,36522.42330000001
25931.45,36397.75039999999
25931.45,36261.41929999999
25931.45,36091.8701
25931.45,35838.773100000006
25931.45,35669.4184
25931.3,35514.9593
25931.3,35393.6638
25931.3,35291.9934
25931.3,35214.9574
25931.3,35103.366200000004
25931.3,35032.0934
25931.3,35012.1633
25931.3,34968.3005
25931.3,34985.311299999994
25931.3,35002.845499999996
25931.3,35034.992900000005
25931.3,35017.605500000005
25931.3,34875.783
25929.7,34730.8832
25929.7,34515.0057
25929.7,34352.683
25929.7,34181.3783
25929.7,34020.673800000004
25925.4,33867.22
25925.4,33701.5414
25920.95,33656.30099999999
25920.95,33591.8847
25909.2,33475.735700000005
25908.4,33389.93089999999
25908.4,33281.933800000006
25908.25,33028.327399999995
25908.25,32931.637299999995
25906.25,32918.2515
25906.25,32808.1128
25906.25,32787.442299999995
25906.25,32665.505300000008
25906.25,32634.049699999996
25906.25,32529.652799999993
25906.25,32512.172700000003
25906.25,32446.529899999994
25906.25,32475.788099999994
25906.25,32398.768999999993
25906.25,32418.700700000005
25906.25,32322.401800000003
25906.25,32299.671900000005
25906.25,32175.532199999998
25901.95,31971.4475
25901.95,31820.2897
25901.95,31741.948200000003
25901.8,31665.096499999996
25901.8,31700.0643
25901.8,31645.397400000005
25901.8,31659.295699999995
25901.8,31597.527500000007
25901.8,31546.281300000002
25901.8,31541.4793
25901.8,31417.926900000002
25901.8,31437.220899999997
25901.8,31544.547100000003
25901.8,31665.389099999993
25901.8,31770.2431
25901.8,31877.174799999997
25901.8,31889.0327
25901.8,31956.846299999997
25901.8,31888.075
25901.8,31852.279
25901.8,31761.317900000002
25901.8,31765.64930000001
25901.8,31632.160500000005
25901.8,31511.573699999997
25901.8,31450.213500000005
25901.8,31274.842300000008
25901.8,31162.6532
25901.8,31116.24869999999
25901.8,30932.1064
25901.8,30858.182300000004
25901.8,30814.230099999993
25901.8,30806.614400000002
25901.8,30740.9424
25901.8,30612.409400000004
25901.8,30557.688200000004
25901.8,30673.951899999996
25901.8,30657.583900000005
25901.8,30602.230100000004
25901.8,30525.911100000005
25901.8,30455.7316
25901.8,30452.648599999997
25901.8,30402.1885
25901.8,30350.213100000004
25901.8,30228.1391
25901.8,30136.672499999997
25901.65,30134.3768
25901.65,30114.126099999994
25901.65,30084.291899999993
25901.65,30090.176799999997
25901.65,29954.599999999995
25901.65,29909.633799999992
25901.65,29934.791599999997
25900.35,29944.155300000002
25900.35,29841.550800000005
25900.35,29740.924999999996
25900.35,29741.4788
25900.35,29619.5351
25900.35,29625.173100000004
25900.35,29540.615700000002
25900.35,29404.076600000008
25900.35,29400.0974
25900.35,29307.731000000007
25900.35,29208.75019999999
25900.35,29147.565599999994
25896.05,29025.036400000005
25896.05,29007.6516
25896.05,29000.649299999997
25896.05,28858.5374
25896.05,28813.117100000003
25896.05,28692.623700000004
25884.15,28691.056399999994
25884.15,28749.774599999993
25884.15,28779.740799999992
25884.15,28816.926
25879.85,28750.072800000005
25879.85,28625.8744
25879.85,28615.054800000005
25879.85,28462.785499999998
25879.85,28410.357899999995
25873.0,28509.9896
25873.0,28524.481299999996
25873.0,28542.510499999997
25873.0,28473.6857
25873.0,28560.443199999998
25873.0,28752.8194
25873.0,28820.0754
25873.0,28912.88829999999
25873.0,28878.5995
25873.0,28876.959899999998
25873.0,28907.8828
25873.0,28967.185200000007
25873.0,28955.944799999997
25873.0,28953.185000000005
25873.0,28903.749699999993
25873.0,28900.1744
25873.0,28917.3539
25873.0,28985.330500000004
25873.0,28940.868700000003
25873.0,28879.816499999997
25873.0,28931.5476
25861.1,28809.803099999997
25861.1,28877.6804
25861.1,28836.1901
25847.35,28768.778299999998
25847.35,28684.2919
25847.35,28708.265400000004
25847.35,28652.688000000002
25847.35,28684.047900000005
25847.35,28634.541999999998
25847.35,28703.240100000003
25847.35,28734.6065
25847.35,28754.2347
25847.35,28681.0103
25847.35,28658.358499999995
25847.35,28521.870000000003
25847.35,28592.664999999997
25847.35,28522.780099999996
25847.35,28491.837799999998
25847.35,28536.1391
25847.35,28502.650700000006
25847.35,28421.92950000001
25847.35,28331.564400000003
25847.35,28302.022899999993
25847.35,28229.586199999998
25847.35,28254.727899999998
25847.35,28262.346299999997
25847.35,28253.945300000003
25847.35,28322.534100000008
25847.35,28299.684
25847.35,28392.7978
25847.35,28346.2602
25847.35,28309.138899999998
25847.35,28260.792599999997
25847.35,28223.9859
25847.35,28157.789300000004
25847.35,28145.205399999995
25847.35,28221.6916
25847.35,28138.787699999997
25847.35,28142.405699999996
25847.35,28212.731099999997
25847.35,28246.995799999997
25847.35,28259.596299999997
25847.35,28212.719
25847.35,28258.715799999998
25847.35,28281.555399999994
25847.35,28178.156299999995
25847.35,28077.929599999996
25847.35,28017.562499999993
25847.35,27913.2434
25847.35,27884.559200000007
25847.35,27852.449899999996
25847.35,27867.4538
25847.35,27913.892200000002
25847.35,27858.607900000003
25847.35,27850.623099999997
25847.35,27828.051999999996
25847.35,27894.3033
25847.35,27806.078
25847.35,27778.838300000003
25847.35,27793.757800000003
25847.35,27830.995800000004
25847.35,27856.235899999992
25847.35,27848.7083
25847.35,27829.817299999995
25847.35,27864.5513
25847.35,27815.820900000002
25847.35,27816.297099999996
25847.35,27809.27019999999
25847.35,27723.924000000006
25847.35,27715.819800000005
25847.35,27704.070099999994
25847.35,27698.97960000001
25847.35,27713.648500000003
25847.35,27699.827
25847.35,27609.471999999998
25847.35,27573.374599999992
25847.35,27612.3972
25847.35,27585.7461
25847.35,27605.549299999995
25847.35,27628.3811
25847.35,27602.1532
25847.35,27696.968799999995
25847.35,27746.426
25847.35,27743.378300000004
25847.35,27778.7918
25847.35,27790.0476
25847.35,27787.313400000006
25847.35,27781.216399999998
25843.2,27645.641900000006
25843.2,27619.349000000006
25843.05,27501.490100000003
25843.05,27487.024599999997
25843.05,27383.792799999996
25843.05,27390.682100000005
25843.05,27450.8207
25843.05,27476.005500000007
25843.05,27511.9628
25843.05,27499.436100000003
25843.05,27532.608399999997
25843.05,27585.4671
25843.05,27498.380299999997
25843.05,27543.569
25843.05,27504.4591
25843.05,27428.519300000004
25843.05,27370.489499999996
25843.05,27388.337
25843.05,27456.257
25843.05,27510.322200000002
25843.05,27478.5302
25843.05,27471.819300000003
25843.05,27459.279599999998
25843.05,27465.336100000004
25843.05,27492.722
25843.05,27520.032400000004
25843.05,27540.864099999995
25843.05,27579.044100000006
25843.05,27682.715899999992
25843.05,27684.373699999996
25843.05,27567.3107
25843.05,27554.0228
25843.05,27570.083000000002
25843.05,27552.810600000004
25843.05,27587.8515
25843.05,27614.4527
25843.05,27608.626500000002
25843.05,27529.47239999999
25843.05,27487.680800000002
25843.05,27426.4294
25843.05,27313.4968
25843.05,27287.343
25843.05,27219.378000000004
25843.05,27164.4012
25843.05,27137.0588
25843.05,27121.878599999996
25843.05,27063.431800000002
25843.05,27060.412999999993
25843.05,27086.085800000008
25843.05,27040.7815
25843.05,27026.7561
25843.05,26989.2324
25843.05,26975.31779999999
25843.05,26975.4928
25843.05,27018.2739
25843.05,27001.4357
25843.05,27056.677399999993
25843.05,27089.451300000004
25843.05,27111.581799999996
25843.05,27083.052599999995
25843.05,27104.7234
25843.05,27086.872599999995
25843.05,27059.8411
25843.05,27079.3303
25843.05,27115.138200000005
25843.05,27106.432900000003
25843.05,27190.249000000003
25843.05,27182.408600000002
25843.05,27169.5674
25843.05,27229.472700000002
25843.05,27187.487899999996
25843.05,27111.306900000003
25843.05,27066.3166
25843.05,27008.618500000004
25843.05,26990.2361
25843.05,26935.2413
25843.05,26893.413899999996
25843.05,26889.6647
25843.05,26889.999200000002
25843.05,26954.633099999995
25843.05,26938.796000000002
25843.05,26869.600500000008
25843.05,26841.470500000003
25843.05,26867.117799999996
25843.05,26863.278499999997
25843.05,26917.594899999996
25843.05,26926.358999999997
25843.05,26892.962300000003
25843.05,26855.903500000004
25843.05,26759.955599999998
25843.05,26690.157099999993
25843.05,26668.095699999998
25843.05,26675.298499999997
25843.05,26673.1256
25843.05,26658.8693
25843.05,26626.349700000002
25843.05,26661.598099999996
25843.05,26635.1105
25843.05,26634.8958
25843.05,26627.065700000006
25843.05,26603.3522
25843.05,26581.340300000003
25843.05,26576.203500000003
25843.05,26554.986500000006
25843.05,26557.5457
25843.05,26515.7621
25843.05,26544.6478
25838.75,26490.487299999997
25838.75,26454.422400000003
25838.75,26498.951900000004
25838.75,26465.4018
25838.75,26488.036900000006
25838.75,26480.097499999996
25838.75,26494.353200000005
25838.75,26480.9822
25838.75,26504.700100000005
25838.75,26462.930299999996
25838.75,26470.5366
25838.75,26460.4659
25838.75,26485.4671
25838.75,26424.044999999995
25838.75,26439.065700000006
25838.75,26474.161
25838.75,26505.272599999997
25838.75,26514.814499999997
25838.75,26522.323299999996
25838.75,26483.892
25838.75,26439.424700000003
25838.75,26410.1136
25838.75,26414.471899999997
25838.75,26420.211700000003
25838.75,26425.793400000002
25838.75,26453.398999999998
25838.75,26401.081599999998
25838.75,26472.2249
25838.75,26430.236599999997
25838.75,26372.6172
25838.75,26363.611200000003
25838.75,26339.930800000002
25838.75,26353.049699999996
25838.75,26323.721299999997
25838.75,26336.252500000002
25838.75,26301.589399999997
25838.75,26313.828099999995
25838.75,26300.9393
25838.75,26310.6
25838.75,26312.450899999996
25838.75,26223.9191
25838.75,26211.7333
25838.75,26235.002799999995
25838.75,26247.129699999998
25838.75,26234.436899999993
25838.75,26273.387199999997
25838.75,26275.390999999996
25838.75,26253.6794
25838.75,26283.176300000003
25838.75,26251.4177
25838.75,26223.6806
25838.75,26228.3332
25838.75,26285.714
25838.75,26280.308900000004
25838.75,26282.042200000004
25838.75,26271.349
25838.75,26178.1433
25838.75,26177.1215
25838.75,26201.188400000003
25838.75,26219.5605
25838.75,26179.485500000003
25838.75,26198.8356
25838.75,26248.801099999993
25838.75,26190.983799999998
25838.75,26241.9107
25838.75,26249.551400000004
25838.75,26268.203700000002
25838.75,26232.408799999997
25838.75,26292.367699999995
25838.75,26323.676700000004
25838.75,26284.1429
25838.75,26305.1344
25838.75,26304.179199999995
25838.75,26343.7308
25838.75,26372.468800000002
25838.75,26260.1947
25838.75,26244.4028
25838.75,26274.401600000005
25838.75,26277.904699999996
25838.75,26253.4646
25838.75,26315.6359
25838.75,26300.9724
25838.75,26358.351099999993
25838.75,26363.0002
25838.75,26345.063299999998
25838.75,26376.0321
25838.75,26370.842600000004
25838.75,26333.569
25838.75,26290.700200000003
25838.75,26297.2768
25838.75,26284.937600000005
25838.75,26343.447200000006
25838.75,26348.785400000004
25838.75,26299.3654
25838.75,26309.975499999993
25838.75,26312.5948
25838.75,26294.7353
25838.75,26326.118800000004
25838.75,26293.8479
25838.75,26266.55520000001
25838.75,26165.2506
25838.75,26206.0301
25838.75,26229.434999999998
25838.75,26190.5915
25838.75,26202.5119
25838.75,26160.0967
25838.75,26179.298699999992
25838.75,26163.076200000003
25838.75,26191.498699999996
25838.75,26153.1013
25838.75,26218.745600000002
25838.75,26225.0149
25838.75,26222.1869
25838.75,26193.661799999994
25838.75,26190.018900000003
25838.75,26209.132700000006
25838.75,26258.7761
25838.75,26206.620700000003
25838.75,26265.8565
25838.75,26253.324200000003
25838.75,26267.5597
25838.75,26289.030300000002
25838.75,26294.178799999994
25838.75,26298.572399999994
25838.75,26317.334699999996
25838.75,26328.0
25838.75,26291.024800000003
25838.75,26244.181200000003
25838.75,26245.880000000005
25838.75,26214.353899999995
25838.75,26212.350199999993
25838.75,26251.756399999995
25838.75,26300.919899999997
25838.75,26250.4571
25838.75,26287.605700000004
25838.75,26307.117
25838.75,26314.688700000006
25838.75,26291.369399999996
25838.75,26384.743599999998
25838.75,26385.2882
25838.75,26351.7641
25838.75,26307.5121
25838.75,26267.1935
25838.75,26215.848099999996
25838.75,26177.5393
25838.75,26213.089900000006
25838.75,26210.5298
25838.75,26150.536799999998
25838.75,26181.2762
25838.75,26176.8044
25838.75,26194.5752
25838.75,26199.194699999996
25838.75,26211.488700000005
25838.75,26210.786
25838.75,26203.5613
25838.75,26197.345299999997
25838.75,26183.5645
25838.75,26185.1694
25838.75,26183.838399999997
25838.75,26220.3537
25838.75,26250.077400000002
25838.75,26264.8989
25838.75,26257.225700000003
25838.75,26268.352999999996
25838.75,26256.843000000004
25838.75,26232.345499999996
25838.75,26198.2138
25838.75,26211.7491
25838.75,26165.7519
25838.75,26167.1551
25838.75,26182.178899999995
25838.75,26160.394700000004
25838.75,26191.969600000004
25838.75,26164.205500000004
25838.75,26109.042800000003
25838.75,26174.187600000005
25838.75,26136.0884
25838.75,26193.6809
25838.75,26154.379200000003
25838.75,26149.517799999994
25838.75,26193.3881
25838.75,26180.1748
25838.75,26175.7049
25838.75,26187.8837
25838.75,26191.678399999997
25838.75,26177.904799999997
25838.75,26151.2181
25838.75,26145.023899999997
25838.75,26141.5394
25838.75,26145.699199999995
25838.75,26211.969500000003
25838.75,26143.930999999997
25838.75,26156.806
25838.75,26171.7619
25838.75,26192.244599999998
25838.75,26195.4306
25838.75,26155.7519
25838.75,26219.884200000008
25838.75,26165.581599999998
25838.75,26150.354499999994
25838.75,26169.6521
25838.75,26134.363
25838.75,26152.7673
25838.75,26159.559100000002
25838.75,26189.9637
25838.75,26197.969900000004
25838.75,26172.796199999993
25838.75,26158.418399999995
25838.75,26190.76350000001
25838.75,26183.381299999997
25838.75,26194.378900000003
25838.75,26151.7892
25838.75,26181.780600000002
25838.75,26179.148500000003
25838.75,26177.4977
25838.75,26194.643799999998
25838.75,26193.864299999997
25838.75,26195.0515
25838.75,26126.6134
25838.75,26224.876399999997
25838.75,26188.544900000004
25838.75,26181.747499999998
25838.75,26098.292299999997
25838.75,26163.3954
25838.75,26155.1987
25838.75,26160.408699999996
25838.75,26170.034200000006
25838.75,26173.4973
25838.75,26173.302300000003
25838.75,26110.538399999998
25838.75,26118.734
25838.75,26149.9674
25838.75,26150.945300000003
25838.75,26167.058799999995
25838.75,26166.5722
25838.75,26156.9495
25838.75,26177.334500000004
25838.75,26156.4465
25838.75,26162.872099999997
25838.75,26197.932099999998
25838.75,26174.038800000006
25838.75,26161.8666
25838.75,26167.928399999997
25838.75,26192.9711
25838.75,26132.638400000003
25838.75,26167.009000000002
25838.75,26165.719100000002
25838.75,26156.096400000002
25838.75,26137.119599999998
25838.75,26169.743799999997
25838.75,26181.136700000003
25838.75,26175.3887
25838.75,26171.112100000006
25838.75,26174.432000000008
25838.75,26139.355399999993
25838.75,26156.3093
25838.75,26180.007300000005
25838.75,26172.188
25838.75,26155.6852
25838.75,26168.041100000002
25838.75,26177.753400000005
25838.75,26128.519699999997
25838.75,26142.7814
25838.75,26130.641299999996
25838.75,26170.2278
25838.75,26151.8721
25838.75,26156.5797
25838.75,26178.656
25838.75,26119.8371
25838.75,26180.2216
25838.75,26150.702299999997
25838.75,26144.076299999997
25838.75,26144.8281
25838.75,26162.8626
25838.75,26182.6653
25838.75,26160.104699999996
25838.75,26175.2776
25838.75,26173.7962
25838.75,26179.717500000002
25838.75,26182.1723
25838.75,26132.7767
25838.75,26146.5859
25838.75,26137.939699999995
25838.75,26199.723300000005
25838.75,26139.834600000002
25838.75,26148.013899999998
25838.75,26146.0223
25838.75,26141.7714
25838.75,26166.048700000007
25838.75,26139.2059
25838.75,26156.1087
25838.75,26177.2742
25838.75,26175.112399999998
25838.75,26193.659000000003
25838.75,26202.2713
25838.75,26158.980999999996
25838.75,26199.5022
25838.75,26145.468800000006
25838.75,26154.349500000004
25838.75,26160.4308
25838.75,26191.471699999995
25838.75,26157.9508
25838.75,26192.460699999992
25838.75,26164.5559
25838.75,26165.546899999998
25838.75,26174.2285
25838.75,26185.973100000003
25838.75,26190.303199999995
25838.75,26198.661599999996
25838.75,26147.182699999998
25838.75,26175.16
25838.75,26171.3215
25838.75,26187.918100000003
25838.75,26199.6154
25838.75,26198.900900000004
25838.75,26176.3983
25838.75,26234.2774
25838.75,26204.694999999996
25838.75,26157.864599999997
25838.75,26182.4148
25838.75,26195.013
25838.75,26218.028500000004
25838.75,26190.383
25838.75,26171.976000000002
25838.75,26151.4121
25838.75,26225.1038
25838.75,26211.202
25838.75,26231.139199999998
25838.75,26203.53590000001
25838.75,26241.4071
25838.75,26203.926
25838.75,26284.3646
25838.75,26243.8768
25838.75,26247.387899999994
25838.75,26257.820400000004
25838.75,26252.715999999997
25838.75,26208.7229
25838.75,26170.8147
25838.75,26190.2726
25838.75,26186.736299999993
25838.75,26144.8927
25838.75,26135.492600000005
25838.75,26166.815900000005
25838.75,26156.4315
25838.75,26174.599700000002
25838.75,26121.826599999997
25838.75,26182.3172
25838.75,26156.102000000003
25838.75,26182.377699999997
25838.75,26151.501699999997
25838.75,26187.2411
25838.75,26177.084600000002
25838.75,26175.600100000003
25838.75,26184.5399
25838.75,26180.796899999998
25838.75,26188.4405
25838.75,26207.381599999997
25838.75,26161.5706
25838.75,26152.6512
25838.75,26188.3096
25838.75,26156.968399999998
25838.75,26183.7561
25838.75,26187.5688
25838.75,26178.672199999997
25838.75,26190.185299999997
25838.75,26155.4345
25838.75,26161.033600000002
25838.75,26166.864200000004
25838.75,26180.111899999996
25838.75,26173.473100000003
25838.75,26179.0993
25838.75,26184.547599999998
25838.75,26192.834899999994
25838.75,26191.501299999996
25838.75,26164.7082
