BestFitnessMean,AverageFitnessMean
51085.9,87519.446
44456.5,73738.99729999999
40252.85,63997.151399999995
36704.75,56535.35289999998
34230.55,49902.780999999995
32789.55,45841.94729999999
31075.25,43127.324700000005
29964.8,41031.93710000001
29237.65,38858.5063
28455.8,37285.65870000001
27890.7,35831.757900000004
27212.25,34866.7297
26929.9,33665.35969999999
26747.05,32671.3219
26601.8,31791.2718
26448.7,31163.3415
26355.0,30511.072400000005
26286.65,30057.115300000005
26196.2,29500.462899999995
26121.75,28926.821700000008
26062.5,28748.381899999997
26050.3,28460.406300000002
26016.75,28193.2592
25963.45,27971.666500000003
25957.9,27807.6215
25946.5,27682.3593
25930.2,27725.1723
25925.2,27348.663
25923.8,27260.2865
25919.35,27164.7933
25919.35,26859.7076
25919.2,26760.482500000002
25919.05,26666.013799999997
25914.05,26647.9822
25901.8,26519.313599999994
25901.8,26442.824999999993
25901.65,26313.455400000006
25901.65,26287.171499999997
25901.5,26337.046000000002
25899.35,26348.328599999997
25899.35,26261.860999999997
25899.35,26207.0078
25899.2,26233.5115
25899.2,26212.562500000007
25899.2,26236.6558
25899.2,26238.648999999998
25899.2,26227.112900000007
25899.05,26225.480300000003
25899.05,26201.2397
25899.05,26227.779099999996
25899.05,26176.762
25899.05,26237.046400000003
25899.05,26215.184100000002
25898.9,26250.492
25898.9,26156.848299999994
25887.15,26253.742000000006
25887.15,26262.9489
25869.4,26251.089799999998
25869.4,26276.2371
25869.4,26328.893000000004
25857.5,26219.707099999992
25857.5,26188.168500000003
25857.5,26180.408400000004
25857.5,26235.961699999996
25857.5,26252.066100000004
25857.35,26196.2878
25857.35,26148.951399999998
25857.35,26148.882400000002
25857.35,26218.0682
25857.35,26178.8578
25853.05,26172.201299999997
25853.05,26171.84050000001
25853.05,26180.8261
25853.05,26229.140999999996
25853.05,26248.730499999998
25853.05,26289.335700000003
25853.05,26224.463800000005
25853.05,26186.3602
25853.05,26183.4503
25853.05,26182.1741
25853.05,26202.9455
25853.05,26191.1963
25848.75,26184.4895
25848.75,26190.6446
25848.75,26176.730099999997
25848.75,26156.5326
25848.75,26199.398699999998
25848.75,26235.1091
25848.75,26171.3773
25848.75,26173.9914
25848.75,26148.720900000008
25848.75,26164.421800000004
25848.75,26171.805199999995
25848.75,26167.0241
25848.75,26150.584000000003
25848.75,26154.090099999994
25848.75,26144.858400000005
25848.75,26140.260099999992
25848.75,26166.7295
25848.75,26166.5062
25848.75,26176.523299999997
25848.75,26208.9539
25848.75,26184.9373
25848.75,26194.495400000003
25848.75,26160.3464
25848.75,26222.9398
25848.75,26169.221800000003
25848.75,26166.128200000003
25848.75,26187.130699999998
25848.75,26132.3405
25848.75,26149.316600000002
25848.75,26152.3495
25848.75,26154.155899999994
25848.75,26141.5058
25848.75,26174.135800000004
25848.75,26184.627700000005
25848.75,26189.7998
25848.75,26215.503999999997
25848.75,26150.102700000007
25848.75,26138.2588
25848.75,26173.373699999996
25848.75,26190.8023
25848.75,26177.609299999996
25848.75,26114.7002
25848.75,26170.003399999998
25848.75,26193.603199999998
25848.75,26200.128299999993
25848.75,26164.652800000003
25848.75,26216.515199999994
25848.75,26177.4833
25848.75,26166.598
25848.75,26165.451699999998
25848.75,26188.504900000004
25848.75,26157.995899999998
25848.75,26149.058100000006
25848.75,26214.788
25848.75,26177.724999999995
25848.75,26170.3895
25848.75,26125.598399999995
25848.75,26157.355699999996
25848.75,26153.8741
25848.75,26172.574399999994
25848.75,26177.318900000002
25848.75,26147.032000000003
25848.75,26173.282499999998
25848.75,26189.0375
25848.75,26146.2633
25848.75,26202.1764
25848.75,26171.063099999992
25848.75,26173.0446
25848.75,26169.944499999998
25848.75,26192.506100000002
25848.75,26173.9758
25848.75,26194.8361
25848.75,26150.519500000002
25848.75,26180.1912
25848.75,26172.950000000004
25848.75,26169.1688
25848.75,26185.495599999995
25848.75,26170.375600000003
25848.75,26150.4392
25848.75,26185.5133
25848.75,26193.215799999998
25848.75,26152.896
25848.75,26155.9009
25848.75,26171.664200000003
25848.75,26233.9434
25848.75,26144.845699999998
25848.75,26150.207799999996
25848.75,26139.904199999997
25848.75,26192.406
25848.75,26148.644699999997
25848.75,26167.892600000003
25848.75,26181.686299999994
25848.75,26205.345699999998
25848.75,26209.4576
25848.75,26161.752
25848.75,26160.046599999994
25848.75,26133.7276
25848.75,26185.633500000004
25848.75,26150.505299999997
25848.75,26211.0018
25848.75,26183.72000000001
25848.75,26153.6448
25848.75,26139.288900000003
25848.75,26164.3652
25848.75,26142.499
25848.75,26125.093
25848.75,26163.734100000005
25848.75,26148.198
25848.75,26218.34440000001
25848.75,26129.6689
25848.75,26162.136299999995
25848.75,26150.1564
25848.75,26157.9189
25848.75,26183.539800000006
25848.75,26177.004800000002
25848.75,26152.5911
25848.75,26172.390399999997
25848.75,26181.640000000003
25848.75,26170.5201
25848.75,26161.5587
25848.75,26156.9729
25848.75,26205.273300000004
25848.75,26167.593899999996
25848.75,26143.8206
25848.75,26160.717900000003
25848.75,26166.5688
25848.75,26192.524800000003
25848.75,26184.697399999994
25848.75,26185.826899999996
25848.75,26144.9488
25848.75,26157.392999999996
25848.75,26190.393800000005
25848.75,26180.5012
25848.75,26158.7939
25848.75,26157.727900000005
25848.75,26173.068299999995
25848.75,26148.384299999998
25848.75,26166.256100000002
25848.75,26207.454099999995
25848.75,26149.799700000003
25848.75,26186.590600000003
25848.75,26169.8568
25848.75,26175.7997
25848.75,26173.6726
25848.75,26148.5829
25848.75,26162.7734
25848.75,26157.710700000003
25848.75,26198.083800000004
25848.75,26179.2532
25848.75,26143.3908
25848.75,26143.3819
25848.75,26166.3543
25848.75,26191.581899999997
25848.75,26191.3905
25848.75,26148.083300000002
25848.75,26178.049000000003
25848.75,26145.0886
25848.75,26214.3965
25848.75,26195.647600000004
25848.75,26193.233
25848.75,26186.8583
25848.75,26174.939700000003
25848.75,26227.2488
25848.75,26209.4994
25848.75,26160.9841
25848.75,26145.9257
25848.75,26182.659000000003
25848.75,26159.013799999997
25848.75,26209.048600000002
25848.75,26178.124799999998
25848.75,26205.922400000003
25848.75,26179.8621
25848.75,26197.778499999997
25848.75,26198.73649999999
25848.75,26181.024299999997
25848.75,26166.615499999996
25848.75,26176.8246
25848.75,26195.734
25848.75,26174.7929
25848.75,26176.4594
25848.75,26177.118199999994
25848.75,26176.039899999996
25848.75,26154.712
25848.75,26150.413100000005
25848.75,26159.0233
25848.75,26199.3469
25848.75,26156.861999999997
25848.75,26185.661999999997
25848.75,26166.893099999998
25848.75,26197.388799999997
25848.75,26169.940600000005
25848.75,26138.851199999997
25848.75,26188.0585
25848.75,26134.585600000002
25848.75,26142.4344
25848.75,26164.563799999996
25848.75,26185.809999999994
25848.75,26157.674900000005
25848.75,26158.8686
25848.75,26220.1749
25848.75,26176.160599999996
25848.75,26206.9212
25848.75,26169.149999999998
25848.75,26173.5108
25848.75,26174.3971
25848.75,26153.862799999995
25848.75,26147.1207
25848.75,26165.9948
25848.75,26142.149599999997
25848.75,26177.774100000002
25848.75,26167.3309
25848.75,26205.296899999994
25848.75,26164.631
25848.75,26158.138100000004
25848.75,26170.572799999994
25848.75,26183.332000000002
25848.75,26200.1851
25848.75,26157.9927
25848.75,26150.230300000003
25848.75,26216.0306
25848.75,26222.366799999996
25848.75,26165.1659
25848.75,26201.579800000003
25848.75,26158.0854
25848.75,26154.903099999996
25848.75,26174.9222
25848.75,26175.2606
25848.75,26188.5663
25848.75,26179.9718
25848.75,26175.102099999996
25848.75,26144.838
25848.75,26159.46550000001
25848.75,26177.785799999998
25848.75,26215.8268
25848.75,26159.0057
25848.75,26199.669000000005
25848.75,26196.266
25848.75,26178.8051
25848.75,26139.671299999995
25848.75,26160.066699999996
25848.75,26151.530300000002
25848.75,26171.205400000003
25848.75,26162.907
25848.75,26154.486600000004
25848.75,26174.4885
25848.75,26191.251800000002
25848.75,26191.391200000002
25848.75,26142.191600000002
25848.75,26145.586099999993
25848.75,26146.333900000005
25848.75,26182.325600000004
25848.75,26165.836000000003
25848.75,26180.9478
25848.75,26161.732999999993
25848.75,26169.5436
25848.75,26167.7649
25848.75,26150.237199999996
25848.75,26194.606699999997
25848.75,26164.0127
25848.75,26186.3783
25848.75,26170.302599999995
25848.75,26157.4822
25848.75,26172.3454
25848.75,26197.090600000003
25848.75,26187.073100000005
25848.75,26173.888699999996
25848.75,26166.320200000002
25848.75,26123.620400000003
25848.75,26148.6969
25848.75,26181.398699999998
25848.75,26178.248800000005
25848.75,26139.0467
25848.75,26169.6849
25848.75,26147.134099999996
25848.75,26143.397699999998
25848.75,26191.6142
25848.75,26161.352699999996
25848.75,26143.446000000007
25848.75,26142.652399999995
25848.75,26155.1147
25848.75,26120.675199999998
25848.75,26125.165100000002
25848.75,26132.461799999997
25848.75,26172.7785
25848.75,26200.235099999998
25848.75,26185.8212
25848.75,26169.296799999996
25848.75,26152.7942
25848.75,26188.021399999994
25848.75,26158.6436
25848.75,26168.6057
25848.75,26172.6754
25848.75,26171.979500000005
25848.75,26195.894199999995
25848.75,26152.447200000002
25848.75,26153.1582
25848.75,26182.130400000002
25848.75,26185.175700000003
25848.75,26153.574700000005
25848.75,26170.381199999996
25848.75,26158.730499999998
25848.75,26143.1932
25848.75,26192.259000000002
25848.75,26160.1831
25848.75,26183.509400000003
25848.75,26162.550300000003
25848.75,26163.766699999996
25848.75,26170.641400000004
25848.75,26187.838200000002
25848.75,26154.953599999997
25848.75,26166.8754
25848.75,26180.280600000002
25848.75,26171.7763
25848.75,26130.691899999998
25848.75,26219.809400000006
25848.75,26154.313199999997
25848.75,26142.779499999997
25848.75,26143.279099999996
25848.75,26162.809800000006
25848.75,26166.5372
25848.75,26158.0186
25848.75,26165.3755
25848.75,26174.509299999998
25848.75,26157.2658
25848.75,26205.3543
25848.75,26156.0505
25848.75,26181.568499999998
25848.75,26154.5055
25848.75,26175.0519
25848.75,26149.284000000007
25848.75,26166.537699999993
25848.75,26129.2705
25848.75,26178.1479
25848.75,26166.952500000003
25848.75,26143.550199999994
25848.75,26202.303300000007
25848.75,26199.367700000003
25848.75,26185.5293
25848.75,26185.7298
25848.75,26132.316600000002
25848.75,26154.731699999997
25848.75,26170.0612
25848.75,26166.0369
25848.75,26145.1905
25848.75,26134.7845
25848.75,26180.4391
25848.75,26140.603200000005
25848.75,26150.9539
25848.75,26151.305100000005
25848.75,26183.865499999993
25848.75,26178.095199999996
25848.75,26152.122099999997
25848.75,26135.154599999998
25848.75,26151.049
25848.75,26202.091800000002
25848.75,26207.120000000006
25848.75,26145.3921
25848.75,26171.982099999997
25848.75,26185.163099999994
25848.75,26203.0448
25848.75,26157.749699999997
25848.75,26174.5361
25848.75,26193.640199999998
25848.75,26142.8574
25848.75,26187.009700000002
25848.75,26163.9263
25848.75,26158.850899999998
25848.75,26133.245499999997
25848.75,26196.111299999997
25848.75,26163.2298
25848.75,26153.6338
25848.75,26159.721500000003
25848.75,26196.0167
25848.75,26207.8178
25848.75,26175.3113
25848.75,26152.821900000003
25848.75,26173.541400000006
25848.75,26165.095999999998
25848.75,26182.642699999997
25848.75,26192.935
25848.75,26199.599600000005
25848.75,26194.6794
25848.75,26174.480400000004
25848.75,26157.884700000002
25848.75,26177.832099999996
25848.75,26192.970500000003
25848.75,26142.230300000003
25848.75,26174.651499999996
25848.75,26167.4277
25848.75,26190.8903
25848.75,26173.1822
25848.75,26129.498
25848.75,26151.2825
25848.75,26147.3641
25848.75,26142.764799999997
25848.75,26163.8041
25848.75,26171.557200000003
25848.75,26197.511399999996
25848.75,26194.473399999995
25848.75,26191.5372
25848.75,26157.8391
25848.75,26179.304900000003
25848.75,26141.243
25848.75,26157.5267
25848.75,26198.2644
25848.75,26193.764199999998
25848.75,26162.196900000003
25848.75,26175.6007
25848.75,26183.515599999995
25848.75,26141.304599999996
25848.75,26192.292500000003
25848.75,26185.2833
25848.75,26156.1275
25848.75,26203.742000000002
25848.75,26151.4091
25848.75,26156.533400000008
25848.75,26177.152299999998
25848.75,26219.681700000005
25848.75,26204.483699999997
25848.75,26168.255400000002
25848.75,26168.330400000006
25848.75,26190.5519
25848.75,26189.702899999997
25848.75,26190.97430000001
25848.75,26139.7277
25848.75,26204.8111
25848.75,26166.991499999996
25848.75,26147.930800000006
25848.75,26192.4003
25848.75,26201.5567
25848.75,26193.176099999997
25848.75,26126.0358
25848.75,26155.072399999997
25848.75,26177.0849
25848.75,26180.3151
25848.75,26190.032
25848.75,26227.855499999998
25848.75,26205.87389999999
25848.75,26186.2805
25848.75,26194.454299999994
25848.75,26140.119
25848.75,26233.094900000004
25848.75,26208.2769
25848.75,26150.8361
25848.75,26177.43
25848.75,26110.3966
25848.75,26164.964100000005
25848.75,26172.2399
25848.75,26172.850899999998
25848.75,26164.130200000007
25848.75,26130.5327
25848.75,26189.0976
25848.75,26183.1562
25848.75,26169.6984
25848.75,26163.410299999996
25848.75,26157.2345
25848.75,26172.910100000005
25848.75,26159.3044
25848.75,26155.693600000002
25848.75,26199.2431
25848.75,26165.9977
25848.75,26147.092099999998
25848.75,26176.112200000003
25848.75,26147.1572
25848.75,26145.602099999996
25848.75,26168.693900000002
25848.75,26174.8658
25848.75,26169.587000000003
25848.75,26139.980599999995
25848.75,26147.884599999998
25848.75,26165.7467
25848.75,26204.519099999998
25848.75,26198.154100000003
25848.75,26189.5591
25848.75,26186.917299999997
25848.75,26208.8963
25848.75,26152.7652
25848.75,26154.4526
25848.75,26174.3531
25848.75,26171.817100000007
25848.75,26140.6422
25848.75,26184.9643
25848.75,26172.0516
25848.75,26172.245000000003
25848.75,26165.9637
25848.75,26185.309399999995
25848.75,26182.3057
25848.75,26184.0594
25848.75,26172.641
25848.75,26178.2171
25848.75,26155.5819
25848.75,26185.936300000005
25848.75,26159.613300000005
25848.75,26153.456899999997
25848.75,26206.0695
25848.75,26173.470200000003
25848.75,26152.6957
25848.75,26154.228799999997
25848.75,26176.347499999996
25848.75,26177.645
25848.75,26167.97889999999
25848.75,26139.801300000003
25848.75,26163.628600000004
25848.75,26197.077299999997
25848.75,26190.089099999994
25848.75,26173.959699999996
25848.75,26165.757900000004
25848.75,26194.312
25848.75,26162.923300000002
25848.75,26163.2673
25848.75,26177.761700000006
25848.75,26190.581100000003
25848.75,26150.8576
25848.75,26177.105199999998
25848.75,26190.9703
25848.75,26183.714
25848.75,26154.914600000004
25848.75,26223.188099999992
25848.75,26151.5535
25848.75,26155.402700000006
25848.75,26195.6855
25848.75,26134.589699999993
25848.75,26176.6554
25848.75,26132.6955
25848.75,26154.653899999998
25848.75,26164.050199999994
25848.75,26146.193
25848.75,26203.810599999993
25848.75,26136.5903
25848.75,26136.9593
25848.75,26161.1947
25848.75,26163.249399999993
25848.75,26180.5687
25848.75,26128.9246
25848.75,26161.295999999995
25848.75,26220.799699999996
25848.75,26163.572700000004
25848.75,26148.3583
25848.75,26188.717699999997
25848.75,26158.5992
25848.75,26195.769399999997
25848.75,26141.0057
25848.75,26187.021599999996
25848.75,26202.022999999997
25848.75,26145.435299999997
25848.75,26158.9628
25848.75,26188.7647
25848.75,26140.131699999994
25848.75,26158.7886
25848.75,26191.9793
25848.75,26161.066800000004
25848.75,26175.294499999996
25848.75,26198.4116
25848.75,26179.0042
25848.75,26158.382600000004
25848.75,26185.610399999998
25848.75,26192.189300000002
25848.75,26141.674600000002
25848.75,26168.5515
25848.75,26212.772900000004
25848.75,26218.290500000003
25848.75,26171.809600000004
25848.75,26163.53
25848.75,26165.869
25848.75,26188.8038
25848.75,26190.995300000002
25848.75,26157.679799999998
25848.75,26227.953100000002
25848.75,26181.557399999998
25848.75,26139.467500000002
25848.75,26154.0693
25848.75,26148.521699999998
25848.75,26152.0206
25848.75,26146.341400000005
25848.75,26179.911999999997
25848.75,26132.262500000004
25848.75,26157.682399999998
25848.75,26143.8561
25848.75,26173.826
25848.75,26167.906599999995
25848.75,26221.723199999997
25848.75,26150.973299999998
25848.75,26175.480900000002
25848.75,26185.749
25848.75,26160.2701
25848.75,26184.432799999995
25848.75,26140.1647
25848.75,26149.944700000004
25848.75,26147.2315
25848.75,26194.1772
25848.75,26158.8514
25848.75,26172.775100000003
25848.75,26172.722199999997
25848.75,26172.5251
25848.75,26155.437800000007
25848.75,26129.4733
25848.75,26182.364500000003
25848.75,26155.3277
25848.75,26168.1155
25848.75,26157.2473
25848.75,26171.786500000006
25848.75,26148.039
25848.75,26150.0211
25848.75,26142.8645
25848.75,26193.2481
25848.75,26202.222799999996
25848.75,26156.232599999996
25848.75,26194.6625
25848.75,26167.6111
25848.75,26173.975099999992
25848.75,26159.385899999997
25848.75,26181.5302
25848.75,26164.4942
25848.75,26188.908799999997
25848.75,26169.731799999998
25848.75,26181.387599999995
25848.75,26197.3145
25848.75,26165.792000000005
25848.75,26158.419
25848.75,26207.476799999997
25848.75,26187.564400000003
25848.75,26137.1426
25848.75,26166.332100000007
25848.75,26217.138800000004
25848.75,26189.393600000003
25848.75,26153.129100000002
25848.75,26170.983999999993
25848.75,26151.1055
25848.75,26160.542999999998
25848.75,26206.465599999996
25848.75,26166.2636
25848.75,26160.422500000004
25848.75,26178.142400000004
25848.75,26188.7986
25848.75,26158.8978
25848.75,26166.3482
25848.75,26157.1368
25848.75,26158.1492
25848.75,26189.179300000003
25848.75,26177.649299999997
25848.75,26143.378300000004
25848.75,26162.8154
25848.75,26154.1209
25848.75,26143.025700000002
25848.75,26178.5498
25848.75,26188.401900000004
25848.75,26147.0766
25848.75,26140.5736
25848.75,26176.470699999998
25848.75,26198.8372
25848.75,26171.5475
25848.75,26180.119400000003
25848.75,26174.832599999998
25848.75,26169.5828
25848.75,26143.6288
25848.75,26192.438000000002
25848.75,26165.7259
25848.75,26170.917500000003
25848.75,26159.038699999997
25848.75,26170.345899999997
25848.75,26141.521
25848.75,26174.011000000006
25848.75,26151.934
25848.75,26165.109699999997
25848.75,26161.228599999995
25848.75,26175.517400000004
25848.75,26160.5216
25848.75,26207.8952
25848.75,26160.267099999997
25848.75,26175.953999999998
25848.75,26169.8637
25848.75,26187.2438
25848.75,26158.5069
25848.75,26214.289899999996
25848.75,26178.2106
25848.75,26180.7152
25848.75,26170.3104
25848.75,26161.823599999996
25848.75,26138.6863
25848.75,26148.8341
25848.75,26143.4042
25848.75,26165.825900000003
25848.75,26121.2324
25848.75,26163.409
25848.75,26123.799899999998
25848.75,26138.8262
25848.75,26137.4799
25848.75,26167.330500000004
25848.75,26161.0486
25848.75,26131.368899999998
25848.75,26157.7582
25848.75,26149.917599999997
25848.75,26171.824600000004
25848.75,26211.1843
25848.75,26143.576800000003
25848.75,26149.4801
25848.75,26173.688699999995
25848.75,26186.1186
25848.75,26176.433899999996
25848.75,26190.398599999997
25848.75,26122.168099999995
25848.75,26164.103199999998
25848.75,26147.8041
25848.75,26143.117399999996
25848.75,26181.1858
25848.75,26166.422800000008
25848.75,26145.861600000004
25848.75,26190.043899999997
25848.75,26163.2984
25848.75,26178.774400000002
25848.75,26210.23219999999
25848.75,26164.314000000002
25848.75,26196.397800000002
25848.75,26159.543099999995
25848.75,26113.670800000004
25848.75,26132.165
25848.75,26160.807300000004
25848.75,26162.626399999997
25848.75,26191.083199999997
25848.75,26166.1925
25848.75,26157.3209
25848.75,26135.9871
25848.75,26180.1843
25848.75,26165.543700000002
25848.75,26189.408700000004
25848.75,26133.730099999997
25848.75,26170.35289999999
25848.75,26153.5835
25848.75,26189.2705
25848.75,26198.8862
25848.75,26177.5776
25848.75,26177.863399999995
25848.75,26228.507299999997
25848.75,26152.552000000003
25848.75,26185.468
25848.75,26137.302
25848.75,26152.604
25848.75,26151.919200000004
25848.75,26171.855799999998
25848.75,26173.394800000002
25848.75,26129.9886
25848.75,26205.2091
25848.75,26178.6872
25848.75,26164.520200000003
25848.75,26147.1881
25848.75,26170.4139
25848.75,26150.942999999996
25848.75,26125.632199999996
25848.75,26141.086199999998
25848.75,26178.8603
25848.75,26209.1056
25848.75,26135.4355
25848.75,26173.895600000003
25848.75,26161.065700000003
25848.75,26186.759100000003
25848.75,26179.727300000002
25848.75,26173.4471
25848.75,26197.6175
25848.75,26181.639600000002
25848.75,26176.522
25848.75,26171.158799999997
25848.75,26193.1402
25848.75,26198.5505
25848.75,26236.9148
25848.75,26209.203
25848.75,26158.436400000002
25848.75,26167.303599999996
25848.75,26141.990700000002
25848.75,26210.5588
25848.75,26174.206700000002
25848.75,26143.6271
25848.75,26171.6155
25848.75,26182.8476
25848.75,26163.2922
25848.75,26184.956900000005
25848.75,26212.1481
25848.75,26161.8638
25848.75,26184.9859
25848.75,26163.7029
25848.75,26160.1178
25848.75,26140.2619
25848.75,26181.1767
25848.75,26181.7872
25848.75,26193.233000000004
25848.75,26159.485299999997
25848.75,26173.6022
25848.75,26191.697200000002
25848.75,26182.3478
25848.75,26170.375600000003
25848.75,26172.911300000003
25848.75,26213.417099999995
25848.75,26171.387899999998
25848.75,26142.268499999995
25848.75,26153.7706
25848.75,26191.372099999997
25848.75,26208.1917
25848.75,26156.540699999998
25848.75,26173.230900000002
25848.75,26147.784
25848.75,26184.619099999996
25848.75,26159.7719
25848.75,26156.222
25848.75,26134.8297
25848.75,26187.1202
25848.75,26216.83190000001
25848.75,26159.482799999998
25848.75,26166.6863
25848.75,26153.402500000004
25848.75,26178.7022
25848.75,26179.176600000003
25848.75,26166.9491
25848.75,26175.312300000005
25848.75,26150.199299999997
25848.75,26166.0978
25848.75,26161.6429
25848.75,26164.4107
25848.75,26149.915600000004
25848.75,26213.032699999996
25848.75,26168.986200000003
25848.75,26162.623300000003
25848.75,26176.4021
25848.75,26146.146999999997
25848.75,26143.6325
25848.75,26147.156700000003
25848.75,26150.0125
25848.75,26135.261999999995
25848.75,26158.1667
25848.75,26186.751000000007
25848.75,26148.8926
25848.75,26185.873799999998
25848.75,26153.592500000002
25848.75,26147.5294
25848.75,26182.150299999998
25848.75,26156.005200000003
25848.75,26160.6371
25848.75,26198.490599999997
25848.75,26125.174000000006
25848.75,26165.628699999997
25848.75,26175.495199999998
25848.75,26159.1287
25848.75,26191.395999999997
25848.75,26184.720599999993
25848.75,26135.309200000003
25848.75,26195.0537
25848.75,26181.701
25848.75,26214.719900000004
25848.75,26181.820700000004
25848.75,26168.006799999996
25848.75,26208.983200000002
25848.75,26209.5011
25848.75,26156.261699999995
25848.75,26154.0203
25848.75,26189.251800000005
25848.75,26185.8277
25848.75,26229.874999999993
25848.75,26152.3563
25848.75,26131.561500000003
25848.75,26176.336100000004
25848.75,26214.475100000003
25848.75,26186.7134
25848.75,26159.457300000002
25848.75,26174.8667
25848.75,26188.226599999998
25848.75,26158.801899999995
25848.75,26127.524100000002
25848.75,26161.284600000003
25848.75,26159.947099999998
25848.75,26188.9041
25848.75,26233.0087
25848.75,26142.846599999997
25848.75,26152.6425
25848.75,26203.988400000006
25848.75,26146.871300000003
25848.75,26153.529300000002
25848.75,26209.087100000004
25848.75,26146.6644
25848.75,26194.516399999997
25848.75,26183.794499999996
25848.75,26155.813599999998
25848.75,26140.8272
25848.75,26176.985399999998
25848.75,26178.432499999995
25848.75,26192.906199999998
25848.75,26173.707300000002
25848.75,26139.811100000003
25848.75,26133.9951
25848.75,26199.974499999993
25848.75,26135.202200000007
25848.75,26202.8138
25848.75,26140.022699999998
25848.75,26154.164200000007
25848.75,26196.380500000003
25848.75,26170.6516
25848.75,26200.0405
25848.75,26186.314
25848.75,26163.6354
25848.75,26169.922799999997
25848.75,26198.528499999997
25848.75,26179.9193
25848.75,26166.167299999994
25848.75,26153.739
25848.75,26170.911000000004
25848.75,26159.4706
25848.75,26145.6457
25848.75,26177.2977
25848.75,26183.393399999997
25848.75,26141.1595
25848.75,26163.605499999998
25848.75,26160.4036
25848.75,26198.093
25848.75,26158.8059
25848.75,26174.649800000003
25848.75,26179.1442
25848.75,26173.265600000002
25848.75,26180.281899999998
25848.75,26170.308799999995
25848.75,26160.951500000003
25848.75,26118.7379
