BestFitnessMean,AverageFitnessMean
49928.6,87479.98319999999
47626.4,82288.3968
44626.3,78221.34770000001
42395.2,74837.8323
39574.5,71807.3426
38754.15,69157.5288
38116.4,66758.81630000003
37216.3,64721.5547
36336.1,62894.848399999995
35755.75,61204.4108
35159.9,59434.295699999995
34527.6,58269.2093
34401.55,57178.980200000005
34047.55,56243.0326
33778.2,55346.28170000001
33165.55,54616.256099999984
32736.65,54178.508499999996
32606.95,53669.2279
32301.35,53467.8689
31864.95,53075.955200000004
31736.45,52954.3203
31592.9,52844.896400000005
31102.5,52678.704000000005
31052.0,52387.5382
30788.1,52322.9703
30470.6,52396.08879999999
30343.05,52266.857299999996
30218.8,52144.55699999999
30163.4,52065.41360000001
29948.25,52070.1707
29674.0,51871.89850000001
29514.4,51642.4204
29523.5,51618.9862
29423.35,51459.4962
29196.45,51230.8728
29127.5,51196.347400000006
29094.3,51040.924300000006
28910.25,51050.941699999996
28844.3,50940.5275
28837.55,50751.67539999999
28701.45,50867.1867
28545.4,50718.9401
28483.7,50710.014299999995
28486.0,50468.05080000001
28471.4,50319.458900000005
28471.0,50224.6723
28322.0,50194.695999999996
28242.95,50190.01409999999
28200.9,50183.5937
27914.55,49975.553700000004
27824.9,49757.28929999999
27819.95,49839.5936
27777.55,49791.2104
27783.1,49683.6084
27762.55,49721.14800000001
27667.1,49654.5068
27616.95,49504.395000000004
27540.9,49441.567800000004
27537.9,49282.65639999999
27527.95,49378.863
27475.35,49304.1558
27431.95,49336.247299999995
27424.55,49349.3442
27405.45,49488.727699999996
27397.25,49466.6814
27389.75,49456.58279999999
27360.3,49561.74649999999
27332.05,49415.0243
27267.1,49420.0261
27242.35,49282.4569
27235.2,49089.6601
27236.65,49063.332
27226.6,49046.786700000004
27223.9,49048.8422
27207.7,49026.5899
27173.55,48965.3808
27173.55,48714.292799999996
27173.55,48562.64019999999
27167.1,48471.695
27167.1,48640.98739999999
27155.3,48568.01170000001
27155.3,48632.1154
27150.5,48755.59300000001
27150.5,48895.17169999999
27052.5,48766.4052
27001.1,48796.475099999996
26909.15,48855.575600000004
26902.75,48877.64590000001
26861.5,49018.46029999999
26838.2,49046.690500000004
26819.7,48982.658200000005
26800.95,49179.9816
26800.95,49220.215899999996
26813.9,49125.610100000005
26794.9,48950.51250000001
26781.95,48888.8323
26774.15,49053.16650000001
26785.0,49125.480699999986
26769.8,48882.2593
26759.7,48643.0809
26759.7,48284.789000000004
26759.7,48011.97220000001
26759.7,48008.601299999995
26739.3,47943.339799999994
26702.8,47896.061499999996
26701.45,47876.1094
26701.45,47860.4954
26677.05,48104.267499999994
26676.5,48187.34459999999
26625.45,48281.17630000001
26625.45,48455.9142
26580.5,48313.34180000001
26579.8,48560.34550000001
26573.85,48690.212400000004
26556.55,49051.4208
26552.1,48911.0895
26496.55,48930.598
26496.55,48829.8941
26473.8,48789.264
26473.8,48734.263699999996
26466.85,48610.690200000005
26466.85,48531.9303
26466.85,48644.0849
26454.1,48705.1303
26454.1,48880.4028
26434.55,48996.66420000001
26410.55,49040.04640000001
26424.6,49271.92540000001
26423.35,49107.4997
26443.25,48947.224899999994
26444.2,48908.582599999994
26444.2,49017.433
26430.9,48948.9577
26421.85,49055.942200000005
26412.95,48974.721099999995
26412.8,48995.96850000001
26394.25,48831.350399999996
26394.25,48789.7326
26378.25,48857.448599999996
26374.35,48732.8992
26361.25,48673.7093
26354.75,48740.769700000004
26354.75,48827.99250000001
26354.0,48828.7866
26354.0,48974.589
26354.25,49068.6921
26330.55,49182.8382
26330.55,49201.46949999999
26325.3,49072.05959999999
26320.35,48997.2732
26283.65,48774.00679999999
26282.75,48570.1298
26286.35,48527.5034
26275.3,48517.80099999999
26271.5,48526.6374
26266.1,48606.9702
26266.1,48399.7674
26254.75,48433.9466
26234.15,48388.82419999999
26225.4,48419.90640000001
26226.3,48454.0741
26220.4,48217.24980000001
26195.65,48243.9388
26386.65,48225.98330000001
26386.65,48017.09130000001
26386.35,47970.18619999998
26382.65,48061.1889
26376.6,48003.1506
26370.2,47837.4538
26368.2,47848.87959999999
26368.2,47904.727600000006
26358.5,47916.321899999995
26308.05,48077.07549999999
26303.9,48228.710100000004
26194.7,48168.62430000001
26194.7,48356.6283
26192.15,48653.978299999995
26192.15,48641.28319999999
26187.35,48501.55560000001
26183.0,48448.36840000001
26162.6,48338.3701
26161.0,48233.172699999996
26162.6,48033.90820000001
26162.6,47995.427299999996
26293.9,47950.5493
26278.8,47785.380699999994
26269.65,47748.4911
26238.05,47645.61230000001
26217.15,47764.92029999999
26217.15,47923.3158
26214.7,48210.6636
26214.7,48109.47249999999
26214.7,48128.42709999999
26202.25,48129.52890000001
26197.95,48031.2858
26197.9,48131.2422
26197.9,48093.8379
26197.9,48130.242699999995
26197.9,48275.03989999999
26187.8,48573.1838
26187.8,48566.87490000001
26183.4,48330.4923
26184.95,48386.71400000001
26180.45,48445.36549999999
26180.45,48466.66210000001
26180.45,48470.2403
26179.35,48540.0789
26179.35,48444.8397
26166.15,48347.7096
26166.15,48368.44799999999
26166.15,48194.03140000001
26166.15,48105.6283
26166.0,48059.66589999999
26166.0,48064.566999999995
26166.0,48134.6942
26166.0,48193.100999999995
26166.0,48156.822700000004
26150.05,48276.67979999999
26150.05,48311.610199999996
26150.05,48316.9958
26139.7,48381.47600000001
26139.7,48341.2644
26139.7,48296.018299999996
26139.7,48379.062099999996
26139.7,48515.4314
26139.7,48533.503500000006
26139.7,48539.8925
26139.7,48499.995299999995
26118.45,48499.11660000001
26113.3,48499.16539999998
26113.3,48405.3179
26113.3,48211.14880000001
26113.3,48242.2484
26113.3,48105.3818
26101.85,48009.45229999999
26100.5,48066.54669999999
26100.3,47958.6077
26100.3,48037.2133
26100.3,47986.729600000006
26100.3,48024.3659
26100.3,47802.2356
26100.3,47617.22410000001
26100.3,47375.529200000004
26100.3,47340.832899999994
26096.6,47174.78889999999
26096.6,47233.46780000001
26065.9,47028.7785
26065.9,47183.292499999996
26056.1,47358.55990000001
26056.1,47542.950699999994
26056.1,47414.5999
26056.1,47427.6374
26051.8,47599.7995
26051.8,47707.982299999996
26051.8,47870.9807
26049.1,47838.399300000005
26049.1,47909.0805
26049.1,47939.33660000002
26049.1,48001.78799999999
26049.1,48156.0053
26040.9,48076.23280000001
26040.9,47914.006299999994
26040.2,47795.4889
26040.2,47729.4832
26040.2,47711.3006
26040.2,47655.8312
26037.05,47709.1083
26034.1,47909.447400000005
26034.1,47971.66509999999
26034.1,47892.6301
26033.25,47932.572
26033.25,47882.8266
26033.25,47833.30939999999
26030.85,47725.2577
26030.85,47904.22900000001
26030.85,47967.5566
26025.9,47956.632699999995
26023.6,47715.03730000001
26023.6,47758.6658
26023.6,47846.1679
26023.6,47816.0257
26023.6,47866.972700000006
26023.6,47807.554599999996
26023.6,47852.6777
26023.6,47809.06009999999
26023.6,47832.659900000006
26023.6,47927.9641
26018.55,47873.83839999999
26018.55,47737.474200000004
26018.55,47525.7341
26018.55,47604.063700000006
26018.55,47635.977300000006
26018.55,47533.836899999995
26018.55,47538.2023
26013.3,47488.5955
26012.05,47520.662399999994
26012.05,47402.596600000004
26012.05,47283.89690000001
26012.05,47152.718799999995
26012.05,47166.45
26012.05,47154.58750000001
26012.05,47163.433600000004
26012.05,47068.8579
26005.75,47230.03069999999
26005.75,47315.4049
26005.75,47195.488699999994
26005.75,47342.6638
26005.05,47333.835699999996
26005.05,47439.782699999996
26005.05,47695.49889999999
26005.05,47847.6594
26005.05,47754.217899999996
26005.05,47580.172999999995
25986.45,47741.899300000005
25999.9,47605.871
25999.9,47522.28850000001
25999.9,47262.7824
25999.9,47361.0858
25999.9,47542.9748
25999.9,47351.1356
25999.9,47358.911100000005
25998.5,47106.0505
25998.5,47119.9865
25998.5,47166.948200000006
25996.5,47145.35369999999
25996.5,47081.6761
25996.5,47194.3678
25986.7,47274.160800000005
25986.55,47191.5597
25986.55,47297.6996
25958.15,47363.0452
25958.15,47396.984
25958.15,47549.81919999999
25958.15,47368.1223
25958.15,47225.026099999995
25955.85,47335.5037
25955.85,47342.0304
25969.25,47304.25060000001
25969.25,47282.778999999995
25964.75,47366.706
25964.75,47248.78920000001
25964.75,46954.406500000005
25964.5,46980.8581
25964.5,46999.59910000001
25964.5,46954.7219
25964.5,46947.84240000001
25955.0,46919.47149999999
25955.0,46960.2057
25954.95,47038.3765
25954.95,47325.9838
25954.95,47544.597200000004
25954.95,47535.10370000001
25954.95,47667.664000000004
25954.95,47807.186499999996
25954.95,47584.150799999996
25954.95,47517.2906
25954.95,47607.41070000001
25954.95,47497.56340000001
25954.95,47513.463500000005
25941.3,47634.20939999999
25941.3,47656.7364
25916.45,47560.255
25916.45,47638.3534
25916.45,47637.60770000001
25916.45,47750.26670000001
25916.45,47639.162
25916.45,47623.5515
25916.45,47490.6608
25916.45,47583.35859999999
25916.45,47614.21760000001
25916.45,47503.609300000004
25916.45,47363.741200000004
25916.45,47439.041900000004
25916.45,47519.7436
25916.45,47674.304500000006
25916.45,47733.533
25916.45,47805.27560000001
25916.45,47786.7748
25916.45,47752.77499999999
25916.45,47721.83759999999
25916.45,47632.6241
25914.3,47500.0698
25914.3,47462.160099999994
25914.3,47702.096300000005
25914.3,47295.1362
25914.3,47294.3051
25914.3,47308.651999999995
25914.3,47356.517
25914.3,47167.7911
25914.3,47072.9899
25914.3,46876.9286
25914.3,46733.3236
25914.3,46756.5467
25914.3,46735.2338
25914.3,46753.087199999994
25914.3,46674.0289
25914.3,46692.7568
25914.3,46552.3064
25912.9,46790.6611
25912.9,46698.6627
25912.9,46827.989400000006
25912.9,47067.341
25912.9,47159.735799999995
25912.9,47321.526000000005
25912.9,47439.33069999999
25912.9,47836.284199999995
25912.9,48138.7258
25912.9,48086.2649
25912.1,47908.044700000006
25912.1,47761.880999999994
25912.1,47693.6527
25910.75,47565.36729999999
25910.75,47535.09629999999
25910.75,47525.91920000002
25910.75,47391.871900000006
25910.75,47499.862400000005
25910.75,47495.1701
25910.75,47431.812600000005
25906.45,47392.980800000005
25906.45,47335.4245
25906.45,47299.0625
25906.45,47107.803700000004
25906.45,46903.1794
25906.45,46846.0987
25906.45,46841.32149999999
25906.45,46836.27509999999
25906.45,46818.23469999999
25906.45,46853.5064
25906.45,46869.498799999994
25906.45,46703.539500000006
25906.45,46675.5316
25906.45,46717.03560000001
25906.45,46635.0445
25902.65,46712.32710000001
25902.65,46831.0227
25902.65,46862.6581
25902.65,46956.754700000005
25902.65,47041.889299999995
25902.65,47154.8862
25902.65,47320.0963
25902.65,47277.2807
25902.65,47314.1137
25902.65,47379.4283
25902.65,47281.124500000005
25902.65,47172.8313
25902.65,47190.1742
25902.65,46940.539399999994
25902.65,47051.01210000001
25902.65,46986.5701
25902.65,47221.837000000014
25894.6,47359.40319999999
25894.6,47559.20880000001
25894.6,47636.75869999999
25898.9,47585.69910000001
25898.9,47705.51789999999
25898.9,47704.2265
25898.9,47724.2487
25898.9,47767.9998
25898.9,47455.02200000001
25898.9,47421.2524
25898.9,47292.0168
25898.9,47284.3306
25898.9,47190.02329999999
25898.9,47132.089900000006
25898.9,46977.5206
25898.9,46763.06779999999
25898.9,46821.6973
25898.9,46606.32400000001
25898.9,46500.370200000005
25898.9,46481.00659999999
25898.9,46428.638699999996
25898.9,46481.1407
25898.9,46661.5569
25898.9,46688.589900000006
25898.9,46691.14900000001
25898.9,46705.298200000005
25898.75,46633.4206
25898.75,46449.528099999996
25898.9,46443.285200000006
25898.9,46462.61
25898.9,46364.787000000004
25898.9,46370.78740000001
25898.9,46387.46090000001
25898.9,46405.688899999994
25898.9,46449.517799999994
25898.9,46481.6799
25898.9,46536.0461
25898.9,46776.54800000001
25898.9,46640.8275
25898.9,46789.5398
25898.9,46829.672399999996
25898.9,46858.132000000005
25898.9,46839.6882
25898.9,46865.6407
25898.9,46967.14460000001
25898.9,46902.80650000001
25898.9,46653.3183
25898.9,46743.778799999985
25898.9,46992.2478
25885.15,46993.7279
25885.15,47150.0788
25885.15,46957.962199999994
25885.15,47118.8735
25885.15,46890.02680000001
25885.15,46607.68330000001
25885.15,46527.71920000001
25885.15,46423.933600000004
25885.15,46351.57409999998
25885.15,46345.6492
25885.15,46238.184799999995
25885.15,46291.239799999996
25885.15,46412.3445
25885.15,46437.6077
25885.15,46438.975300000006
25885.15,46424.7101
25885.15,46579.66849999999
25885.15,46596.453799999996
25885.15,46741.4
25885.15,46739.02870000001
25885.15,46912.28749999999
25885.15,47237.7761
25885.15,47298.194200000005
25885.15,47219.649300000005
25885.15,47390.2366
25885.15,47592.53740000001
25885.15,47660.202900000004
25885.15,47632.55009999999
25885.15,47770.43100000001
25885.15,47600.467999999986
25885.15,47531.552
25885.15,47539.36369999999
25885.15,47609.1903
25885.15,47555.7583
25885.15,47460.9409
25885.15,47508.7011
25885.15,47226.291900000004
25885.15,47236.9545
25885.15,47155.79419999999
25885.15,47227.939099999996
25885.15,47102.8232
25885.15,47036.9979
25885.15,46728.750799999994
25885.15,46806.5586
25885.15,46785.672999999995
25885.15,46637.7598
25885.15,46524.67049999999
25885.15,46453.73670000001
25885.15,46425.2883
25885.15,46507.736000000004
25885.15,46537.26500000001
25885.15,46433.9292
25885.15,46489.44709999999
25885.15,46389.16510000001
25885.15,46355.0504
25885.15,46378.0408
25885.15,46441.2614
25885.15,46648.023599999986
25885.15,46813.98590000001
25885.15,46911.6972
25885.15,47022.78060000001
25885.15,46994.9706
25885.15,47108.619099999996
25885.15,47119.5494
25885.15,46918.153
25885.15,46920.4543
26015.65,46813.94300000001
25919.8,46762.177
25919.8,46597.089199999995
25919.8,46522.40870000001
25919.8,46555.63549999998
25919.8,46552.248900000006
25885.15,46273.11649999999
25885.15,46398.113399999995
25885.15,46254.63710000001
25885.15,46266.7624
25885.15,46071.629400000005
25885.15,45987.531099999986
25919.8,46055.2826
25919.8,46209.84329999999
25919.8,46046.814099999996
25919.8,46044.7932
25919.8,46176.9907
25896.2,46175.299199999994
25896.2,46183.94429999999
25896.2,46307.5564
25896.2,46377.102
25896.2,46571.6414
25896.2,46555.5468
25896.2,46529.371999999996
25896.2,46393.79090000001
25896.2,46645.57459999999
25896.2,46577.8888
25896.2,46566.9858
25896.2,46420.0638
25896.2,46405.7538
25896.2,46411.910099999994
25896.2,46218.1526
25896.2,46273.7293
25896.2,46368.942800000004
25896.2,46329.06789999999
25896.2,46418.556399999994
25896.2,46380.14409999999
25896.2,46268.9108
25896.2,46084.23330000001
25896.2,45847.9453
25896.2,45807.8565
25896.2,45674.725399999996
25896.2,45580.30619999999
25896.2,45658.57609999999
25896.2,45729.820100000004
25896.2,45884.993500000004
25896.2,45887.2436
25896.2,46103.2581
25896.2,46245.18750000001
25896.2,46376.8368
25896.2,46519.9382
25896.2,46469.7591
25896.2,46658.907600000006
25896.2,46718.95650000001
25896.2,46547.18270000002
25896.2,46702.5773
25896.2,46663.391500000005
25896.2,46765.844900000004
25896.2,46609.9949
25896.2,46607.82969999999
25896.2,46457.9136
25896.2,46399.7052
25896.2,46522.178799999994
25896.2,46360.6138
25896.2,46266.70909999999
25896.2,46209.8076
25896.2,46131.7527
25896.2,46087.0757
25896.2,46129.656299999995
25891.9,46155.9465
25891.9,46166.9496
25891.9,46127.5214
25891.9,46210.519199999995
25891.9,46171.4564
25891.9,46270.965800000005
25891.9,46378.77049999999
25891.9,46543.054099999994
25891.9,46658.64409999999
25891.2,46857.56540000001
25891.2,46820.66169999999
25891.2,46739.502700000005
25891.2,46649.7313
25891.2,46648.085199999994
25891.2,46581.720799999996
25891.2,46564.593100000006
25891.2,46526.420699999995
25891.2,46438.0031
25891.2,46272.151
25891.2,46243.04770000001
25891.2,45967.5941
25891.2,45879.361699999994
25891.2,45998.58320000001
25891.2,45975.68200000001
25891.2,45852.5929
25891.2,45954.9473
26006.1,46048.61119999999
26006.1,46290.2613
25936.2,46441.39450000001
25936.2,46722.884000000005
25936.2,46762.882900000004
25936.2,46743.95280000001
25936.2,46896.34420000001
25936.2,46918.5134
25936.2,46681.35489999999
25936.2,46866.3761
25936.2,46825.779899999994
25921.05,46929.735499999995
25921.05,46974.806800000006
25921.05,47151.1701
25921.05,47308.297399999996
25906.35,47225.662199999984
25906.35,47257.5148
25906.35,47175.7905
25906.35,47136.913499999995
25904.15,47031.752499999995
25904.15,46738.263900000005
25904.15,46798.5032
25904.15,46622.19739999999
25904.15,46364.7923
25904.15,46056.887
25904.15,46006.19009999999
25904.15,45768.44759999999
25904.15,45886.4815
25904.15,45865.021499999995
25904.15,45890.626
25904.15,45937.3975
25904.15,46133.8356
25904.15,46035.6245
25904.15,46127.7975
25904.15,46060.778099999996
25904.15,46186.079000000005
25904.15,46101.80870000001
25904.15,46068.541000000005
25904.15,46214.644499999995
25904.15,46443.155600000006
25891.2,46501.6493
25891.2,46660.155
25891.2,46720.4718
25891.2,46822.6745
25891.2,46954.30080000001
25890.3,47041.4243
25890.3,47067.29319999999
25890.3,47162.45910000001
25890.3,47187.718499999995
25890.3,47171.81720000001
25890.3,47112.952999999994
25890.3,46930.3545
25890.3,46800.24950000001
25890.3,46469.4206
25890.3,46187.824199999995
25890.3,46118.539099999995
25890.3,46028.666800000006
25880.85,45985.81119999999
25880.85,45961.4878
25880.85,46025.8519
25880.85,46193.5352
25880.85,46365.1636
25880.85,46488.98040000001
25880.85,46447.317200000005
25880.85,46544.5746
25880.85,46206.31650000001
25880.85,46187.0544
25880.85,46058.798299999995
25880.85,46041.82780000001
25880.85,45892.304099999994
25880.85,45925.2509
25880.85,46009.0289
25880.85,45978.1084
25880.85,46002.503999999986
25880.85,45914.7839
25880.85,46021.0184
25880.85,45891.04329999999
25880.85,45909.1064
25880.85,46027.348300000005
25880.85,45974.284
25880.85,45994.069699999985
25880.85,45890.7209
25880.85,45842.7624
25880.85,45845.1032
25880.85,45972.21199999999
25868.95,46034.8611
25868.95,45941.2559
25868.95,45893.5073
25868.95,45915.33410000001
25868.95,45857.9847
25868.95,46088.9453
25868.95,46139.7005
25868.95,46243.7114
25868.95,46157.909
25868.95,45910.704000000005
25868.95,45903.0182
25868.95,45977.515499999994
25868.95,45959.29489999999
25868.95,45810.412
25868.95,45878.5868
25868.8,45926.5054
25868.8,45827.2914
25868.8,45838.768
25868.8,45728.325999999994
25868.8,45748.3985
25868.8,45901.07220000001
25868.8,45993.7709
25868.8,46050.050200000005
25868.8,46245.2473
25868.8,46192.7183
25868.8,46243.46169999999
25868.8,46057.439
25868.8,46227.9291
25868.8,46331.568199999994
25868.8,46208.737700000005
25868.8,46285.089499999995
25883.95,46423.765199999994
25883.95,46455.684199999996
25883.95,46264.8051
25883.95,46063.234300000004
25883.95,46007.8648
25883.95,45969.4463
25883.95,45888.852
25883.95,46054.962100000004
25875.35,46173.5008
25875.35,46244.154800000004
25875.35,46253.02189999999
25875.35,46483.931
25875.35,46478.5613
25875.35,46625.5394
25872.6,46669.0556
25872.6,46509.574799999995
25872.6,46305.850600000005
25872.6,46225.587400000004
25872.6,46364.27359999999
25872.6,46348.4444
25872.6,46349.56250000001
25872.6,46150.923400000014
25872.6,46011.06310000001
25872.6,45995.1192
25872.6,46073.9131
25872.6,45870.5481
25876.4,45665.833699999996
25872.6,45703.05509999999
25872.6,45766.273
25872.6,45719.0892
25872.6,45571.80290000001
25872.6,45401.822499999995
25872.6,45517.5555
25872.6,45624.912399999994
25872.6,45608.081399999995
25872.6,45725.79179999999
25872.6,45744.3901
25872.6,45660.08350000001
25872.6,45776.8842
25872.6,45890.8876
25876.35,45883.3436
25876.35,46061.0321
25876.35,45834.5255
25872.6,45949.709699999985
25872.6,46102.0187
25872.6,46106.418300000005
25872.6,46192.984000000004
25872.6,46424.89889999999
25872.6,46391.5106
25872.6,46420.9585
25872.6,46538.84220000001
25872.6,46816.9867
25872.6,46562.8499
25872.6,46415.9225
25872.6,46216.299600000006
25872.6,46192.13330000001
25872.6,45963.511000000006
25872.6,45758.219099999995
25872.6,45737.5124
25872.6,45557.9363
25872.6,45587.7466
25872.6,45526.835799999986
25872.6,45748.15869999999
25872.6,45761.9354
25872.6,45845.965500000006
25872.6,45598.9041
25872.6,45598.28810000001
25872.6,45442.27979999999
25872.6,45393.183199999985
25872.6,45428.3236
25872.6,45448.00199999999
25872.6,45491.7522
25872.6,45433.27559999999
25872.6,45511.84450000001
25872.6,45438.4476
25872.6,45539.5157
25872.6,45669.1318
25872.6,45563.62560000001
25872.6,45541.047600000005
25872.6,45516.841
25872.6,45587.6491
25872.6,45436.44269999999
25872.6,45257.96540000001
25872.6,45352.70189999999
25872.6,45265.0915
25872.6,45021.23810000001
25872.6,44956.3846
25868.3,44773.8272
25868.3,44593.6882
25868.3,44386.0824
25868.3,44396.9784
25868.3,44453.283800000005
25868.3,44345.2146
25868.3,44626.357
25868.3,44646.7123
25868.3,44750.841
25868.3,44724.1292
25868.3,44918.39030000001
25868.3,45026.585
25868.3,44949.068199999994
25868.3,44991.936200000004
25868.3,44977.8711
25868.3,45139.7112
25868.3,45311.68450000002
25868.3,45243.1293
25868.3,45204.19350000001
25868.3,45340.0982
25868.3,45587.8396
25868.3,45837.670300000005
25868.3,45881.1883
25868.3,45786.29099999999
25868.3,45795.12099999999
25868.3,45762.96389999999
25868.3,45649.98999999999
25868.3,45457.0033
25864.0,45204.734099999994
25864.0,44956.381700000005
25864.0,44909.39689999999
25864.0,44922.369699999996
25864.0,44889.8928
25864.0,44726.36570000001
25864.0,44813.75300000001
25864.0,44670.3741
25864.0,44676.573
25864.0,44687.76360000001
25864.0,44694.77099999999
25864.0,44720.0698
25864.0,44747.2064
25864.0,44865.963
25864.0,45012.725
25864.0,45145.46139999999
25864.0,45261.3742
25864.0,45330.44870000001
25864.0,45290.164500000006
25864.0,45165.2659
25864.0,45199.75920000001
25864.0,45215.4836
25864.0,45169.4679
25864.0,45100.3338
25864.0,45001.7229
25864.0,44922.962700000004
25864.0,44999.33579999999
25864.0,45016.0012
25864.0,44925.109000000004
25864.0,44726.693400000004
25864.0,44668.1466
25864.0,44559.73559999999
25864.0,44440.99889999999
25864.0,44439.249200000006
25864.0,44649.775799999996
25864.0,44581.095199999996
25864.0,44474.5463
25864.0,44411.1571
25864.0,44449.105200000005
25864.0,44264.08750000001
25864.0,44305.8391
25864.0,44431.8453
25864.0,44363.2016
25864.0,44274.906899999994
25864.0,44249.10429999999
25864.0,44109.34099999999
25864.0,44193.307700000005
25864.0,44305.2757
25864.0,44429.639800000004
25864.0,44576.9959
25864.0,44521.331800000014
25864.0,44508.3326
25864.0,44496.367999999995
25864.0,44315.93690000001
25864.0,44317.49809999999
25847.8,44294.0805
25847.8,44128.72059999999
25847.8,43944.71489999999
25847.8,43780.1783
25847.8,43512.011699999995
25847.8,43284.45780000001
25847.8,43289.054099999994
25847.75,43418.6917
25847.75,43248.1848
25847.75,43390.0316
25847.75,43444.784799999994
25847.75,43577.5007
25847.75,43875.80699999999
25847.75,43968.38489999999
25847.75,44112.2008
25847.75,44062.416000000005
25847.75,43967.92029999998
25847.75,44002.06050000001
25847.75,43888.2165
25847.75,43944.131299999994
25847.75,44138.913
25847.75,44225.4641
25847.75,44277.8574
25847.75,44323.50630000001
25847.75,44302.034199999995
25847.75,44181.4391
25847.75,43813.0775
25847.75,43518.34259999999
25847.75,43482.066
25847.75,43261.17160000001
25847.75,43262.571599999996
25847.75,43359.2196
25847.75,43275.697199999995
25847.75,43071.8602
25847.75,42905.538499999995
25847.75,42696.1599
25847.75,42408.8814
25847.75,42279.7032
25847.75,42316.4316
25847.75,42470.5211
25847.75,42303.601299999995
25847.75,42175.9622
25847.75,42375.443999999996
25847.75,42566.94600000001
25847.75,42519.94750000001
25847.75,42607.96740000001
25847.75,42893.7207
25847.75,42998.909400000004
25847.75,43027.7668
25847.75,42973.6875
25847.75,43122.312
25847.75,42951.637
25847.75,42901.52190000001
25847.75,42897.0346
