BestFitnessMean,AverageFitnessMean
50854.25,87597.66139999998
48328.3,82560.15610000001
46204.9,78524.5151
43859.75,75314.2062
41598.25,72680.70659999999
39404.85,70243.15630000002
38705.65,68337.86860000002
38179.15,66715.97280000002
36770.2,65292.692999999985
36070.6,63861.094499999985
35521.05,62510.954999999994
34704.6,61462.2999
34361.55,60335.4608
33754.65,59356.128300000004
33482.85,58499.59820000001
33131.95,57664.7242
33059.85,57195.28950000001
32905.9,56659.7111
32437.75,56113.1331
32201.0,55695.18250000001
31982.15,55430.310399999995
31925.2,55008.996900000006
31693.45,54580.566500000015
31466.8,54357.23949999999
31277.7,54099.871499999994
31248.75,54064.57100000001
31248.75,53815.821200000006
31158.9,53709.7181
30961.45,53367.603
30899.05,53461.13910000001
30798.2,53402.3265
30693.2,53222.3154
30521.75,52947.990300000005
30416.1,52551.3974
30185.4,52422.126000000004
30116.45,52316.6331
29969.0,52231.06139999999
29771.6,52229.428400000004
29769.5,52012.31239999999
29720.7,51787.9924
29712.45,51743.16880000001
29632.5,51773.2466
29480.85,51812.595799999996
29337.9,51852.36050000001
29337.9,51766.7148
29268.75,51870.143899999995
29469.7,51931.5122
29441.5,51965.4618
29375.7,51863.9079
29326.55,51909.16000000001
29248.7,51828.87449999999
29145.9,51788.7516
29145.9,51731.04899999999
29099.7,51777.5775
29129.55,51817.25689999999
29056.65,51696.511300000006
29035.8,51678.8749
29024.55,51472.03850000001
29009.8,51475.511
29009.8,51296.033599999995
28986.6,51262.0712
28980.75,51325.3716
28965.4,51243.39330000001
28965.4,51187.1677
28961.1,51245.55909999999
28911.8,51238.8625
28911.65,51207.3004
28909.55,51090.031899999994
28681.05,51076.887
28663.45,51155.4519
28552.75,51174.0897
28478.2,51057.394600000014
28478.2,51022.22179999999
28478.2,51042.201799999995
28503.75,51038.846300000005
28493.9,51164.1969
28546.65,51206.6655
28546.65,51075.145000000004
28527.7,51042.36389999999
28527.7,50907.92169999999
28664.05,50857.59520000001
28582.0,50992.408099999986
28582.0,50871.9859
28580.8,50675.941199999994
28743.45,50678.067599999995
28684.35,50794.9389
28718.45,50709.9111
28623.8,50690.28959999999
28623.8,50649.288199999995
28617.9,50757.2768
28591.45,50935.574700000005
28576.5,50978.271400000005
28576.5,50855.23709999999
28576.5,50926.86569999999
28528.8,50893.962100000004
28408.4,50901.415499999996
28372.0,50898.4745
28372.0,50849.4549
28365.8,50882.986399999994
28484.6,50833.346999999994
28484.6,50635.063700000006
28709.3,50564.46540000001
28640.75,50586.13279999999
28515.75,50646.7053
28577.2,50687.2718
28577.2,50746.174900000005
28571.7,50575.224299999994
28506.45,50774.516
28499.75,50766.7564
28436.85,50735.7194
28434.35,50768.5897
28439.65,50898.32470000001
28483.05,50949.01530000001
28419.9,50854.26610000001
28408.4,50865.6751
28349.95,50908.556800000006
28306.7,50843.31670000001
28252.8,50808.20999999999
28385.3,50845.43220000001
28379.2,50842.4659
28301.35,50938.340500000006
28222.6,50946.264099999986
28222.6,50884.282199999994
28222.6,50972.112
28212.05,51122.22009999999
28207.05,51224.1108
28207.05,51254.2016
28190.9,51220.862100000006
28190.9,51254.89100000001
28114.6,51251.06050000001
28005.4,51215.168699999995
28005.4,51255.8196
28005.4,51264.9828
28005.4,51318.1087
28005.4,51229.917300000016
28005.4,51123.41960000001
27987.75,51027.689
27971.8,50876.16589999999
27988.3,50655.4105
27948.95,50596.97859999999
27923.5,50439.78970000001
27891.3,50485.792700000005
27882.55,50439.6201
27882.55,50360.8453
27882.55,50388.303100000005
27881.4,50343.5866
27881.4,50381.5878
27881.4,50443.3907
27881.4,50542.0589
27881.4,50616.89280000001
27863.1,50893.73479999999
27817.95,50840.4452
27790.6,50948.5797
27914.55,50698.2203
27914.55,50880.39
27900.3,50942.4064
27936.95,51029.8088
27833.65,51142.20970000001
27829.55,51133.649099999995
27829.55,51158.6971
27829.55,51345.106499999994
27819.35,51192.318699999996
27819.35,51144.73900000001
27737.4,51029.91539999999
27719.45,50900.8631
27699.7,50814.7721
27824.6,50669.571999999986
27877.4,50691.5574
27877.4,50721.1966
27835.55,50664.124200000006
27806.15,50500.1703
27836.5,50509.04469999999
27836.5,50519.52150000001
27811.95,50707.491799999996
27727.85,50629.33010000001
27654.0,50583.76009999999
27654.0,50618.883499999996
27635.55,50540.804899999996
27923.9,50408.66019999999
27764.0,50515.476200000005
27763.0,50735.66789999999
27763.0,50679.541000000005
27767.25,50699.0792
27767.25,50529.08159999999
27797.75,50538.683600000004
27784.85,50497.91189999999
27784.85,50472.0309
27784.85,50649.87950000001
27784.85,50948.8143
27766.1,50759.066600000006
27764.05,50595.814699999995
27764.05,50433.226200000005
27809.45,50426.9283
27802.05,50493.3756
27770.8,50508.56429999999
27770.8,50571.208000000006
27766.85,50639.54149999999
27750.8,50531.64110000001
27735.35,50474.6069
27701.5,50595.31770000001
27596.35,50636.9936
27596.35,50637.944299999996
27596.35,50696.9809
27592.35,50723.9924
27755.85,50730.7234
27755.85,50487.584299999995
27755.85,50417.3512
27741.95,50315.9583
27741.95,50434.4229
27744.05,50327.6234
27744.05,50479.509600000005
27744.05,50425.87069999999
27744.05,50557.8324
27744.05,50707.04899999999
27744.05,50700.563299999994
27720.15,50547.30079999999
27724.85,50402.1972
27724.85,50432.066399999996
27722.9,50551.509000000005
27710.65,50578.621200000016
27689.4,50505.706000000006
27663.75,50490.81739999999
27663.75,50456.20379999999
27662.95,50345.120500000005
27662.95,50345.0159
27662.95,50570.0708
27662.95,50513.6181
27643.2,50476.1628
27643.2,50479.060099999995
27562.25,50474.988
27562.25,50284.516800000005
27562.25,50259.977600000006
27571.75,50328.206300000005
27571.75,50257.0905
27553.2,50218.543900000004
27553.2,50339.36170000001
27776.85,50482.96089999999
27776.85,50478.857700000015
27772.15,50581.09380000002
27768.35,50713.7471
27763.1,50690.1706
27762.85,50671.92760000001
27748.5,50498.2096
27748.5,50382.1345
27718.0,50296.6115
27712.2,50221.6052
27590.05,50212.5989
27590.05,50329.98030000001
27590.05,50476.064699999995
27590.05,50566.35070000001
27588.4,50429.868200000004
27552.05,50373.075899999996
27552.05,50183.19470000001
27467.45,50184.8402
27461.8,50109.24
27614.65,50090.5784
27573.3,50307.01120000001
27573.3,50394.42979999999
27573.3,50359.8883
27554.55,50567.7477
27546.85,50464.7864
27546.85,50566.71760000002
27546.85,50738.896
27546.85,50659.183099999995
27546.85,50694.467
27546.85,50477.56980000001
27546.85,50372.4504
27546.85,50314.328
27527.75,50170.7564
27527.75,50345.75230000001
27613.95,50213.46539999999
27610.45,50370.568600000006
27610.45,50583.619000000006
27610.45,50592.5141
27610.45,50861.9647
27642.35,50958.2448
27600.05,50984.733100000005
27516.85,50958.845799999996
27490.75,50900.513000000006
27490.75,50844.5622
27490.75,51009.26700000001
27490.75,51274.1722
27490.75,51269.504
27490.75,51338.7873
27490.75,51273.1586
27598.85,51230.60070000001
27598.85,50947.88250000001
27598.85,50932.738699999994
27585.25,50826.74650000001
27585.25,50765.95899999999
27718.8,50720.22600000001
28059.8,50856.2422
27860.3,51045.24189999999
28064.2,50983.14080000001
28064.2,50893.2365
28056.7,51028.623999999996
28064.15,50991.037299999996
28014.8,50975.322
27944.85,50917.269400000005
27824.45,51038.3529
27824.45,50921.2796
27824.15,50828.342899999996
27824.15,50660.5845
27824.15,50688.094
27708.85,50700.0648
27826.9,50807.5751
27769.8,50824.186299999994
27769.8,50736.40060000001
27765.0,50703.089900000006
27759.2,50616.7603
27759.2,50473.4368
27734.75,50647.7197
27724.25,50692.1418
27724.25,50721.52159999999
27724.25,50811.50820000001
27778.9,51019.50060000001
27699.75,51047.233400000005
27699.75,51161.62899999999
27699.75,51205.3085
27689.05,51120.421599999994
27689.05,51024.295
27689.05,50920.969200000014
27689.05,51021.4549
27658.3,51053.34539999999
27652.9,51015.1642
27652.9,50930.4772
27652.9,50970.2429
27713.05,50771.9052
27713.05,50759.7785
27707.15,50917.56310000001
27700.4,50906.4078
27700.4,50825.230299999996
27692.35,50906.277899999994
27692.35,50909.2358
27692.35,50987.03200000001
27691.55,51168.6082
27691.55,51001.7561
27667.45,50983.1755
27777.95,50820.6646
27777.95,50810.6415
27777.95,50836.956199999986
27777.95,50629.225099999996
27777.95,50648.067400000014
27754.95,50631.784999999996
27720.65,50603.45730000001
27719.05,50581.7932
27719.05,50463.217500000006
27773.55,50521.812999999995
27754.05,50473.52670000001
27747.45,50552.067899999995
27747.45,50611.60889999999
27747.45,50566.80879999999
27699.55,50655.964100000005
27694.3,50607.76520000001
27663.7,50685.601
27663.7,50639.68249999999
27663.7,50635.3058
27654.35,50400.34279999999
27647.8,50380.439699999995
27705.4,50612.7302
27705.4,50605.018200000006
27705.4,50516.7711
27705.4,50570.39250000001
27705.4,50611.89850000001
27693.15,50509.474799999996
27689.2,50503.7946
27682.65,50586.418300000005
27682.65,50735.6064
27591.7,50817.642100000005
27590.0,50847.11959999999
27563.2,50574.538100000005
27563.2,50466.216400000005
27681.35,50527.4184
27681.35,50491.1382
27681.35,50568.56560000001
27678.65,50702.44070000001
27665.75,50570.879499999995
27665.8,50437.66380000001
27533.6,50509.4504
27747.5,50328.5781
27716.9,50136.337799999994
27563.3,49981.8481
27516.25,50073.216499999995
27423.65,49887.0733
27423.65,49842.681
27412.1,49897.358499999995
27295.35,50071.0791
27289.6,50130.342899999996
27289.6,50204.7025
27295.5,50398.5547
27358.85,50672.8587
27467.95,50774.63049999999
27589.5,50824.7135
27568.3,50896.57259999999
27568.3,50662.402599999994
27561.7,50629.2423
27561.7,50475.76170000001
27561.7,50364.05850000001
27554.25,50242.567200000005
27554.25,50179.7575
27550.75,50193.84120000001
27550.75,50200.640799999994
27549.9,50271.51529999999
27549.9,50260.1505
27549.9,50192.989400000006
27541.9,50102.02460000001
27655.85,50077.45980000001
27655.85,49939.4409
27655.85,50001.5395
27466.55,50070.2178
27466.55,50035.64920000001
27464.6,50279.28079999999
27451.95,50405.4529
27451.95,50441.3798
27471.2,50611.40230000001
27471.1,50953.3392
27471.1,50984.8251
27613.4,50910.081900000005
27613.4,50795.8313
27613.4,50708.4084
27613.4,50455.0668
27613.4,50374.832899999994
27613.4,50223.083999999995
27751.75,50216.11830000001
27751.75,50291.833999999995
27714.65,50200.307400000005
27693.55,50167.1538
27693.55,50043.913700000005
27692.0,49692.6083
27689.6,49894.930700000004
27584.3,50082.19439999999
27584.3,50058.684499999996
27497.7,50114.902299999994
27497.7,49969.8735
27565.65,50003.26490000001
27565.65,50166.4153
27524.3,50263.8563
27501.6,50379.512500000004
27500.2,50398.30190000001
27500.2,50426.21860000001
27665.95,50639.276
27552.65,50734.313500000004
27552.65,50783.235199999996
27549.7,50928.978500000005
27549.7,50977.85770000001
27549.7,51007.617999999995
27549.7,50834.24309999999
27524.55,50650.70030000001
27506.8,50732.946599999996
27492.2,50550.2454
27488.85,50558.197199999995
27488.85,50527.44700000001
27488.85,50573.556000000004
27484.6,50625.255900000004
27662.15,50408.2016
27638.2,50488.423599999995
27553.3,50489.829300000005
27610.05,50300.6038
27622.3,50530.641500000005
27786.9,50571.88710000001
27784.6,50598.4901
27779.8,50866.69560000001
27779.8,50893.651099999995
27768.35,51208.59009999999
27734.8,51338.5735
27734.8,51335.4862
27734.8,51418.352699999996
27734.8,51442.578199999996
27734.8,51391.999299999996
27595.55,51129.494099999996
27823.2,50920.189
27611.85,50744.54819999999
27599.25,50603.90430000001
27599.25,50280.1002
27592.85,50332.3285
27592.85,50309.58039999999
27592.85,50316.417799999996
27587.6,50227.0747
27587.6,50104.7674
27783.5,50189.6424
27783.5,50141.4647
27783.5,50297.63280000001
27730.85,50397.89169999999
27641.05,50356.907699999996
27635.2,50488.0524
27514.6,50592.3067
27461.15,50724.9871
27342.0,50931.5157
27336.15,51031.65639999999
27340.95,51090.41759999999
27325.65,51097.49759999999
27325.65,51032.78189999999
27306.8,51246.836200000005
27303.1,50984.240600000005
27292.2,51047.791999999994
27292.2,50857.6244
27393.2,50775.7485
27393.2,50757.8165
27393.2,50559.2075
27362.65,50442.74620000001
27346.65,50169.22380000001
27518.75,50117.00110000001
27518.75,49949.57770000001
27489.25,49875.596000000005
27556.4,49674.7312
27556.4,49697.2877
27554.95,49890.9268
27503.7,49940.44309999999
27503.7,50267.654
27498.55,50396.84049999999
27498.55,50529.907799999986
27488.3,50788.582200000004
27440.7,51027.73069999999
27440.7,50890.968199999996
27416.9,51147.96829999999
27416.9,50958.8875
27390.1,50855.965500000006
27390.1,50823.438799999996
27390.1,50749.60599999999
27390.1,50730.65330000002
27381.65,50627.3135
27282.3,50460.76460000001
27282.3,50294.253800000006
27267.65,50165.3368
27267.65,50071.2774
27267.65,49868.42970000001
27262.4,49890.36149999999
27248.4,50072.246300000006
27248.4,50089.30460000001
27248.4,50101.457500000004
27248.4,49953.08820000001
27483.25,50024.69179999999
27451.55,50118.4761
27323.35,50325.305400000005
27334.45,50594.663400000005
27329.2,50725.4113
27267.6,51000.637299999995
27266.75,50931.91910000001
27226.95,51069.3459
27178.75,50903.3189
27131.0,51008.9099
27131.0,50836.14340000001
27119.3,50566.9874
27238.45,50542.107500000006
27235.4,50253.25299999999
27221.45,50109.05570000001
27221.45,49977.7051
27221.45,49888.86589999999
27178.9,49892.2413
27178.9,49935.7119
27178.9,49867.7272
27170.6,49959.6514
27170.6,49999.678
27158.65,50044.49870000001
27158.65,50181.1081
27141.75,50287.40340000001
27152.1,50387.2319
27115.6,50547.71560000001
27107.55,50699.193699999996
27099.9,50964.520399999994
27099.9,51016.834700000014
27098.0,50961.5149
27139.95,51022.98580000001
27106.85,50964.910700000015
27106.85,50908.0635
27093.15,50819.76610000001
27086.75,50683.54909999999
27081.7,50576.495800000004
27081.55,50476.050599999995
27081.55,50431.3198
27043.25,50227.03420000001
27043.25,49943.8997
27031.05,49818.181599999996
27031.05,49893.090399999994
27031.05,49807.11959999999
27031.05,49828.7577
27093.95,49762.19539999999
27066.25,49827.74189999999
27059.0,50002.93170000001
27059.0,50019.4368
27187.65,50283.6603
27140.2,50382.2862
27140.2,50475.927899999995
27114.05,50454.45049999999
27105.4,50750.3721
27104.7,50839.3828
27101.5,50652.2569
27096.7,50854.7607
27081.85,50725.680700000004
27081.2,50840.1213
27081.2,50933.07079999998
27056.2,50793.197400000005
27056.2,50738.5801
27056.2,50890.1534
27056.2,50974.8737
27056.2,50927.52449999999
27048.75,50917.07729999999
27043.95,51046.6997
27039.75,50874.50850000001
27039.75,50806.44499999999
27039.75,50688.3753
27002.4,50421.26610000001
27002.4,50325.0125
27002.4,50188.803199999995
27002.4,50190.26430000001
27002.4,50223.9563
27002.4,50105.923200000005
26963.35,50363.898700000005
26959.1,50461.2673
26956.75,50599.94910000001
27182.25,50632.60309999999
27133.25,50691.53679999999
27132.4,50832.5379
27132.4,50984.4115
27046.7,51014.1813
27046.7,50932.835900000005
27040.65,50927.958699999996
27040.65,50896.77219999999
27040.65,50838.1661
27027.75,50970.416900000004
27027.75,50886.35240000001
27027.75,50717.92570000001
27000.5,50610.0277
27000.5,50304.0885
27000.5,50152.935
27000.5,50085.01410000001
27000.5,50222.4488
27184.9,50259.053100000005
27178.1,50155.62059999999
27178.1,50140.6179
27173.8,50224.700800000006
27185.4,50350.52210000001
27181.85,50459.86760000001
27181.85,50465.632399999995
27326.65,50546.6284
27326.65,50875.2399
27325.05,50987.932400000005
27270.1,50932.4488
27270.1,50994.607899999995
27289.8,51128.30559999999
27289.8,50945.3859
27289.8,50967.511600000005
27289.8,50837.6061
27289.8,50832.5846
27392.9,50802.112799999995
27392.9,50685.19739999999
27355.7,50483.9078
27343.75,50392.112199999996
27340.55,50310.643299999996
27331.6,50203.62930000001
27321.9,50104.9094
27327.05,50212.36860000001
27321.25,50240.53629999999
27321.5,50339.896400000005
27321.5,50414.867000000006
27304.05,50523.983
27299.35,50604.73610000001
27264.45,50694.2087
27281.6,50761.2326
27185.5,50829.56889999999
27185.5,50735.055100000005
27185.5,50887.2173
27185.5,50991.7758
27185.5,50904.50110000001
27185.5,50949.835999999996
27185.5,50936.3558
27185.5,50827.710999999996
27181.1,50614.813200000004
27178.6,50500.49089999999
27375.05,50475.12200000001
27166.35,50498.45059999999
27166.35,50264.5695
27166.35,50338.07200000001
27166.35,50391.91989999999
27153.55,50474.8593
27135.8,50519.1176
27135.8,50600.297399999996
27123.5,50578.351
27122.1,50535.31649999999
27122.1,50642.54140000001
27122.1,50824.1432
27122.1,50954.03110000001
27122.1,51098.807499999995
27122.1,51140.0905
27113.6,51163.0836
27115.75,51178.617300000005
27174.05,51096.1894
27160.7,50972.2121
27152.05,51051.21229999999
27335.4,51046.8084
27073.3,51142.9492
27116.8,51064.8454
27073.3,50957.8972
27073.3,50888.0554
27073.3,50775.0839
27073.3,50645.0505
27073.3,50649.9233
27073.3,50468.25949999999
27044.45,50330.66619999999
27024.0,50230.83840000001
27024.0,49962.7743
27024.0,50086.8011
27024.0,50063.109000000004
27024.0,50071.412000000004
27024.0,50139.088299999996
27024.0,50196.1222
27035.1,50247.8049
27035.1,50397.6563
27035.1,50491.0792
27035.1,50531.912399999994
27035.1,50654.0735
27163.2,50571.7208
27180.75,50620.5693
27059.05,50510.8906
27050.85,50403.116500000004
27035.5,50594.19360000001
27029.1,50518.18160000001
27029.1,50465.5769
27029.1,50437.105599999995
27029.1,50474.25430000001
27027.55,50094.4416
27288.45,50085.005000000005
27240.65,49971.90499999999
27269.2,49745.067
27269.2,49671.0066
27269.2,49586.94559999999
27269.2,49484.644799999995
27269.2,49691.5083
27269.2,49858.13280000001
27269.2,49808.4993
27248.85,49928.98010000001
27508.85,50105.69790000001
27495.4,50086.5145
27483.3,50194.37010000001
27435.85,50310.15069999999
27429.4,50307.62820000001
27429.4,50254.058300000004
27667.75,50240.41359999999
27664.1,50097.444500000005
27646.45,50046.218199999996
27646.45,50155.9004
27574.65,50211.999599999996
27574.65,50110.5316
27574.65,50214.35209999999
27568.3,50233.994300000006
27493.95,50070.9522
27490.45,49972.5641
27476.6,49791.68020000002
27476.6,49876.811700000006
27476.6,49866.0243
27731.45,49911.0116
27824.25,50058.310099999995
27824.25,50293.627799999995
27818.25,50198.7917
27818.25,50376.6873
27934.25,50581.288100000005
27934.25,50738.04860000001
27875.8,50652.60549999999
27859.0,50665.7
27859.0,50748.5812
28015.95,50667.43090000001
28014.45,50713.6599
28014.45,50821.5267
27961.55,50923.504799999995
27961.55,50926.78360000001
28105.0,50637.157
28104.6,50500.340800000005
28077.95,50484.4423
28067.7,50357.21960000001
28054.3,50320.83440000001
28054.3,50278.0744
28054.3,50199.9742
27993.2,50378.8911
27948.9,50498.8774
27946.05,50617.114100000006
27957.15,50502.7455
28238.7,50558.2747
28204.65,50527.96459999999
27937.7,50809.19489999999
27945.2,50963.98190000001
27881.0,51017.744
27817.0,51058.771700000005
27817.0,50900.472599999994
27817.0,50787.60539999999
27810.9,50817.94790000001
27805.6,50681.8292
27787.2,50675.8282
27780.2,50598.9973
27755.8,50686.528200000015
27754.15,50596.07650000001
27754.15,50571.77359999999
27754.15,50403.620899999994
27851.45,50316.802599999995
27849.95,50079.4605
27849.95,50053.238300000005
27832.2,49987.34760000001
27832.2,50108.456900000005
27699.75,50165.0035
27630.9,50298.42770000001
27625.65,50402.15980000001
27625.65,50449.6101
27625.65,50570.37319999999
27624.95,50529.7638
27578.55,50353.051999999996
27664.25,50582.12059999999
27745.65,50536.136399999996
27736.8,50587.53660000001
27736.8,50565.6785
27736.8,50553.5546
27737.1,50468.64
27935.55,50258.577000000005
27839.05,50404.01169999999
27771.75,50371.83930000001
28024.15,50453.802299999996
28024.15,50516.8645
27999.35,50441.227999999996
27999.35,50342.76530000001
27999.35,50053.08089999999
28114.25,49924.80560000001
28048.7,49943.0685
28048.7,49693.478200000005
28018.1,49803.80350000001
28018.1,50060.85800000001
27992.9,50183.3489
27992.9,50241.135200000004
27992.9,50362.6357
27992.9,50212.70960000001
27992.9,50401.9247
27992.9,50459.9354
27908.35,50529.0889
27847.9,50718.32950000001
27794.7,50854.2954
27928.3,50760.26040000001
27947.7,50838.3816
27947.7,50971.2703
27947.7,50837.9553
27947.55,50985.7234
28097.95,50946.23910000001
28102.15,50898.1164
28037.85,50791.772099999995
28027.65,50875.50110000001
28021.4,50742.7026
28021.4,50490.9705
27977.9,50376.260899999994
27934.1,50333.68879999999
27934.1,50408.51280000001
27921.7,50466.23760000001
27912.25,50392.4387
27912.25,50224.644799999995
27898.95,50348.9133
27898.95,50389.591
27898.95,50464.56550000001
27898.95,50661.2766
27898.95,50811.880300000004
27895.65,50977.958699999996
27880.4,51001.858700000004
28038.05,51052.891
27983.15,51185.962700000004
27903.55,51152.901399999995
27877.85,51076.440200000005
27871.6,51043.1879
27928.75,51032.78409999999
27854.15,50932.335199999994
27984.7,50802.60400000001
27940.6,50539.1657
27939.25,50400.7027
27938.95,50268.697199999995
27938.95,50280.507699999995
27906.3,50233.072700000004
27895.15,50159.05760000001
27895.15,50133.4027
28116.3,50088.091100000005
28097.75,49827.2767
28061.7,49768.8061
28036.1,49926.48969999999
28009.2,49878.1819
28316.4,50088.7411
28256.1,50338.70919999999
28256.1,50370.3648
28196.9,50249.0841
28196.9,50375.94729999999
28179.05,50485.04400000001
28179.05,50473.9171
28149.5,50342.47000000001
28149.5,50255.359200000006
28149.5,50156.8363
28149.2,50208.36749999999
28149.2,50243.766200000005
28148.2,50295.09450000001
28142.95,50244.0592
28210.45,50265.2929
28201.05,50407.23960000001
28201.05,50570.99179999999
28110.05,50714.0822
28053.5,50680.5782
28181.85,50665.65830000001
28357.55,50679.89430000001
28243.85,50688.395000000004
28201.35,50595.35630000001
28160.7,50828.267100000005
28160.7,50719.99809999998
28160.7,50869.6419
28153.55,51096.28839999999
28153.55,50953.793399999995
28153.55,50931.167700000005
28153.55,50805.81939999999
28135.75,50542.5381
28130.55,50380.6955
28096.45,50434.0462
28096.45,50475.25020000001
28094.3,50504.2926
28092.45,50465.7924
28288.8,50470.807499999995
28152.6,50309.0631
28133.0,50325.943
28025.55,50243.1851
28012.5,50197.6617
27988.1,50151.2368
27988.0,50067.42580000001
28302.45,50165.80530000001
28266.45,50153.0554
28100.6,50230.905300000006
28100.15,50224.4691
28071.15,50485.1687
28030.15,50651.73150000001
27982.15,50814.4631
27921.8,50900.1063
27848.85,50792.5837
27820.5,50913.4244
28088.15,50956.1234
28086.75,50876.562300000005
28086.75,50930.2967
28026.45,50985.524099999995
28000.55,50846.466700000004
27965.0,50722.865000000005
27953.7,50668.4881
27953.7,50588.488699999994
27953.7,50593.7056
28014.5,50495.198
28013.1,50557.5493
27959.05,50580.06760000001
28037.0,50595.71399999999
28015.7,50710.6667
28221.7,50869.72440000001
28221.7,50979.3349
28206.25,50999.34820000001
28206.25,51155.589199999995
28261.9,51112.631099999984
28215.9,51232.711800000005
28128.35,51093.6033
28100.5,50844.8935
28048.85,50790.5805
28085.25,50814.3927
28085.25,50754.416999999994
28074.35,50836.031
28066.3,50792.479600000006
28047.0,50666.1707
28043.5,50620.40419999999
28043.5,50397.76770000001
27980.25,50453.447700000004
27949.65,50432.0359
27934.75,50246.498499999994
27891.45,50243.469699999994
27829.95,50236.43579999999
27788.5,50066.878699999994
27716.9,50218.81429999998
27761.9,50174.4792
27872.95,50173.2341
27821.0,50242.567800000004
27908.05,50370.90390000001
27770.25,50397.62190000001
27770.2,50332.983799999995
27752.15,50525.414600000004
27752.15,50670.0006
27700.7,50648.576
27636.2,50643.070999999996
27629.0,50719.712499999994
27627.45,50626.4136
27758.05,50720.97120000001
27755.25,50523.4206
27744.6,50350.96310000001
27656.1,50266.5888
27797.95,50300.73599999999
27612.45,50352.682100000005
27611.45,50314.95880000001
27595.25,50392.010800000004
27595.25,50463.962900000006
27589.8,50379.0178
27770.8,50493.0619
27770.8,50618.8567
28001.4,50435.2765
27970.85,50411.140100000004
27865.1,50390.45990000001
27787.2,50597.5503
27735.95,50707.8954
27698.2,50657.25319999999
27653.0,50712.41270000001
27674.4,50712.5114
27674.4,50903.807799999995
27592.5,50881.6539
