BestFitnessMean,AverageFitnessMean
52260.9,87683.3493
49393.5,82322.34610000001
46291.55,78230.66119999999
42193.7,74471.1932
40085.45,70983.94570000001
38575.2,68107.4989
36942.3,65541.3923
36167.75,63014.93480000001
35476.8,60899.753500000006
34727.9,58751.03480000001
34057.45,57086.332299999995
33314.0,55664.3214
32967.05,54317.08080000001
32263.2,53122.3444
31566.35,52133.1909
31113.7,51318.4335
30629.7,50565.76520000001
30400.4,49863.217699999994
30046.6,49288.45210000001
29707.75,48689.7663
29586.25,48337.90019999999
29380.75,47877.7507
29305.6,47533.051900000006
29218.75,47193.4366
28854.2,46928.663700000005
28708.0,46578.73150000001
28447.25,46364.691199999994
28221.75,45946.651300000005
28108.4,45526.27589999999
28034.9,45164.77259999999
27991.7,44910.550200000005
27790.15,44683.61159999999
27596.75,44362.321500000005
27515.2,43891.6396
27383.3,43574.84019999999
27316.55,43137.67939999999
27313.9,42863.452399999995
27243.3,42425.373999999996
27195.8,42282.9201
27124.95,41997.5652
27042.0,41838.3373
26976.15,41677.736699999994
26938.45,41447.9492
26898.35,41225.072499999995
26851.8,40975.70479999999
26800.9,40759.3747
26762.95,40439.905600000006
26749.3,40274.525100000006
26653.65,39974.05469999999
26634.2,39528.2424
26597.9,39284.948000000004
26584.95,38959.0145
26538.35,38606.1393
26521.2,38506.188899999994
26451.5,38479.020800000006
26443.95,38261.270399999994
26443.25,38106.323399999994
26415.8,37983.61319999999
26401.25,37826.0302
26348.85,37682.4175
26339.15,37627.9516
26334.4,37565.6515
26292.0,37383.966700000004
26259.75,37257.1057
26249.7,36906.577099999995
26246.35,36650.00450000001
26239.55,36453.677500000005
26234.5,36242.37270000001
26231.5,35925.429599999996
26215.45,35704.5274
26213.65,35411.07369999999
26203.0,35077.4446
26196.7,34786.0237
26185.75,34566.95539999999
26164.05,34214.67629999999
26159.7,34085.9535
26157.05,33758.9867
26144.25,33676.88280000001
26138.0,33460.937999999995
26126.75,33164.5703
26126.75,32943.0486
26126.75,32793.001200000006
26118.45,32507.519399999997
26114.5,32338.2522
26110.7,32103.7214
26108.3,31807.788500000002
26108.25,31539.549400000007
26103.8,31404.282800000004
26098.4,31171.420500000007
26098.4,30993.103999999992
26085.45,30887.863
26085.3,30727.527299999998
26085.3,30684.562599999994
26085.3,30536.2055
26077.4,30330.758200000004
26077.4,30244.379999999997
26077.25,30096.5348
26077.25,30035.7376
26064.65,29963.500499999995
26041.9,29914.732299999992
26030.45,29842.372400000004
26030.45,29744.4038
26030.45,29602.564499999997
26026.15,29611.4344
26026.15,29618.985800000002
26026.15,29627.7302
26026.15,29701.5783
26014.25,29766.927100000008
26014.25,29679.5159
26012.1,29582.675499999994
26012.1,29415.2551
26009.45,29337.017699999997
26004.3,29288.669800000003
25996.4,29249.660299999996
25996.4,29200.761600000005
25996.4,29279.04600000001
25988.6,29394.8546
25988.6,29347.0335
25988.6,29267.746000000006
25981.35,29084.6407
25981.35,28947.446299999992
25981.35,28716.755299999997
25981.35,28610.2125
25977.05,28570.312899999997
25958.05,28565.338599999995
25958.05,28550.274800000003
25946.15,28537.278599999998
25946.15,28561.8401
25946.15,28433.4777
25946.15,28364.114400000002
25946.15,28279.489099999995
25946.15,28327.5271
25946.15,28258.887400000007
25934.25,28230.020499999995
25934.25,28184.3695
25934.25,28223.636599999998
25934.25,28084.3194
25934.25,28009.402199999993
25934.25,27873.812600000005
25929.95,27858.466200000003
25929.95,27833.34799999999
25929.95,27901.8528
25929.95,27936.538699999997
25929.95,27839.9392
25929.8,27735.8571
25929.8,27636.623000000003
25929.8,27560.43
25929.8,27571.617999999995
25927.15,27573.2185
25927.15,27395.821400000004
25927.15,27421.339500000002
25927.15,27325.063100000007
25927.15,27259.121000000003
25922.85,27223.8202
25922.85,27215.9886
25922.85,27151.4179
25922.85,27167.0985
25922.85,27041.725599999994
25918.55,27069.444900000002
25918.55,27057.878599999996
25918.55,27149.4467
25918.55,27254.008499999996
25918.55,27282.027500000004
25918.55,27289.6575
25918.55,27362.6463
25902.35,27374.5445
25902.35,27310.426399999997
25902.35,27252.5672
25890.45,27234.495700000007
25890.45,27227.8151
25890.45,27253.591700000008
25890.45,27341.9545
25890.45,27335.4996
25886.15,27340.392499999998
25886.15,27420.0316
25886.15,27316.2149
25881.85,27271.7999
25881.85,27318.527499999997
25881.85,27342.534400000004
25881.85,27342.926699999993
25881.85,27266.212299999996
25881.85,27317.5137
25881.85,27295.965699999993
25881.85,27225.639600000002
25881.85,27181.2163
25881.85,27173.910600000003
25881.85,27164.9375
25877.55,27200.695300000003
25877.55,27192.518900000003
25877.55,27144.193300000003
25877.55,27157.661700000004
25877.55,27164.977000000006
25877.55,27166.7576
25877.55,27159.503299999993
25877.55,27201.3968
25877.55,27226.868899999994
25877.55,27243.706200000004
25877.55,27274.605100000004
25877.55,27275.0084
25865.65,27330.960000000003
25865.65,27455.056200000003
25865.65,27505.6037
25861.35,27573.5106
25861.35,27656.4706
25861.35,27722.840300000003
25861.35,27795.417200000004
25861.35,27918.734300000004
25861.35,27923.8718
25861.35,28058.680199999995
25861.35,28161.3109
25861.35,28119.5625
25861.35,28099.922500000004
25861.35,28175.284000000003
25861.35,28333.40729999999
25861.35,28379.661100000005
25861.35,28490.624499999998
25861.35,28494.8816
25861.35,28559.176399999997
25861.35,28503.862299999997
25861.35,28589.59440000001
25861.35,28609.303499999998
25861.35,28629.956400000003
25861.35,28636.620100000007
25861.35,28648.494
25861.35,28665.575
25861.35,28714.988300000005
25861.35,28803.150399999995
25861.35,28826.199799999995
25861.35,28867.1282
25861.35,28828.616799999996
25861.35,28853.403800000007
25861.35,28902.013599999995
25861.35,28965.871600000006
25861.35,28912.984999999997
25851.45,28886.649600000004
25851.45,28850.0533
25851.45,28775.2022
25851.45,28763.762100000004
25851.45,28633.062000000013
25851.45,28644.024299999997
25851.45,28626.7816
25851.45,28536.895900000003
25851.45,28499.9912
25851.45,28423.9261
25851.45,28331.6708
25851.45,28324.199500000006
25851.45,28288.302600000003
25851.45,28156.6419
25851.45,28081.901099999995
25851.45,27968.59599999999
25851.45,27887.734000000004
25851.45,27729.8914
25851.45,27665.955100000003
25851.45,27656.12189999999
25851.45,27606.504800000002
25851.45,27587.783399999997
25851.45,27527.6848
25851.45,27501.6577
25851.45,27357.625599999992
25851.45,27287.818799999997
25851.45,27191.273200000003
25851.45,27062.635299999994
25851.45,26946.236399999994
25851.45,26872.5654
25851.45,26779.437100000003
25851.45,26692.071799999998
25850.05,26685.964399999997
25850.05,26644.436400000006
25850.05,26594.835499999997
25850.05,26552.5717
25850.05,26494.698700000008
25850.05,26408.768200000002
25850.05,26352.013400000003
25850.05,26372.733800000005
25850.05,26364.120400000003
25850.05,26285.5071
25850.05,26314.775
25850.05,26276.211699999996
25850.05,26192.807099999998
25850.05,26161.047300000002
25850.05,26146.2866
25850.05,26129.5104
25850.05,26101.914800000002
25850.05,26113.566400000003
25850.05,26112.6057
25850.05,26093.693599999995
25850.05,26123.622
25850.05,26094.050999999996
25850.05,26121.6985
25850.05,26076.8857
25850.05,26075.7452
25850.05,26071.125299999996
25850.05,26111.252499999995
25850.05,26089.1039
25850.05,26135.2671
25850.05,26181.9766
25850.05,26131.267499999994
25850.05,26162.0759
25850.05,26156.364899999997
25850.05,26153.6568
25850.05,26156.264499999997
25850.05,26119.8528
25850.05,26097.086700000007
25850.05,26096.035200000002
25850.05,26059.8763
25850.05,26023.1466
25850.05,25982.383199999997
25850.05,25978.0837
25850.05,25960.0221
25850.05,25997.284099999997
25850.05,25998.6333
25850.05,26001.0215
25850.05,26006.1353
25850.05,26036.870000000003
25850.05,26055.894600000003
25850.05,26043.148499999992
25850.05,26113.4636
25850.05,26134.411200000002
25850.05,26124.4079
25850.05,26130.2781
25850.05,26031.324799999995
25850.05,25978.1442
25850.05,25952.996899999995
25850.05,25918.578699999995
25850.05,25908.1267
25850.05,25914.4597
25850.05,25914.9139
25850.05,25919.401100000003
25850.05,25913.446400000004
25850.05,25922.728499999997
25850.05,25921.028400000003
25850.05,25922.1271
25850.05,25916.500199999995
25850.05,25932.7702
25850.05,25922.443000000003
25850.05,25910.001900000003
25850.05,25929.4048
25850.05,25922.1201
25850.05,25916.7484
25850.05,25906.2359
25850.05,25903.929499999995
25850.05,25914.835500000005
25850.05,25922.2029
25850.05,25901.0469
25850.05,25936.6096
25850.05,25930.124999999996
25850.05,25928.443099999997
25850.05,25914.541500000003
25850.05,25899.068000000003
25850.05,25910.446700000004
25850.05,25908.358
25850.05,25923.817100000004
25850.05,25908.1647
25850.05,25921.0502
25850.05,25916.729100000004
25850.05,25910.411399999994
25850.05,25906.634000000002
25850.05,25901.630400000002
25850.05,25917.839699999997
25850.05,25918.049
25850.05,25920.1376
25850.05,25905.429300000003
25850.05,25913.0899
25850.05,25897.920199999997
25850.05,25921.8779
25850.05,25913.0614
25850.05,25909.7155
25850.05,25910.400999999998
25850.05,25924.8602
25850.05,25911.143099999998
25850.05,25906.7696
25850.05,25906.525799999996
25850.05,25913.0888
25850.05,25923.3742
25850.05,25901.1985
25850.05,25917.2079
25850.05,25904.936200000004
25845.75,25917.6806
25845.75,25926.835400000004
25845.75,25924.4764
25845.75,25907.697699999997
25845.75,25917.028599999998
25845.75,25917.6333
25845.75,25932.118899999994
25845.75,25933.6604
25845.75,25932.144899999996
25845.75,25919.937800000003
25845.75,25899.7859
25845.75,25910.165100000002
25845.75,25895.756600000004
25845.75,25904.032
25845.75,25899.5315
25845.75,25931.710600000002
25845.75,25921.3949
25845.75,25911.164800000002
25845.75,25904.570100000004
25845.75,25899.8206
25845.75,25913.393899999995
25845.75,25928.9073
25845.75,25903.468500000003
25845.75,25900.897699999998
25845.75,25906.7208
25845.75,25910.8716
25845.75,25916.259800000007
25845.75,25898.795899999997
25845.75,25908.508599999997
25845.75,25904.017499999994
25845.75,25909.264600000002
25845.75,25912.108700000004
25845.75,25891.437799999996
25845.75,25920.100599999998
25845.75,25910.8283
25845.75,25909.561300000005
25845.75,25900.7199
25845.75,25899.022999999994
25845.75,25910.9089
25845.75,25900.865999999998
25845.75,25900.965800000005
25845.75,25892.656199999998
25845.75,25900.374600000003
25845.75,25914.610499999995
25845.75,25916.8035
25845.75,25895.687700000002
25845.75,25891.9063
25845.75,25909.238600000004
25845.75,25912.2674
25845.75,25912.670000000002
25845.75,25918.547
25845.75,25895.780199999997
25845.75,25926.313499999997
25845.75,25917.061400000002
25845.75,25911.3088
25845.75,25919.4402
25845.75,25902.173099999996
25845.75,25923.325300000004
25845.75,25925.118300000002
25845.75,25913.338200000006
25845.75,25895.3056
25845.75,25900.317799999997
25845.75,25900.2919
25845.75,25898.344100000006
25845.75,25917.255599999997
25845.75,25921.111899999996
25845.75,25910.4852
25845.75,25897.546300000005
25845.75,25901.8315
25845.75,25897.078599999997
25845.75,25911.070799999994
25845.75,25912.5388
25845.75,25909.764099999997
25845.75,25917.572299999996
25845.75,25920.1112
25845.75,25923.306300000004
25845.75,25913.534
25845.75,25891.7409
25845.75,25913.419500000004
25845.75,25925.109800000002
25845.75,25906.462
25845.75,25915.312500000007
25845.75,25886.930299999996
25845.75,25910.322200000002
25845.75,25910.357
25845.75,25896.596599999997
25845.75,25905.432600000004
25845.75,25901.437999999995
25845.75,25907.920699999995
25845.75,25919.425799999994
25845.75,25906.426799999997
25845.75,25896.612199999996
25845.75,25908.093800000006
25845.75,25907.7584
25845.75,25905.347100000006
25845.75,25921.5647
25845.75,25913.1678
25845.75,25907.901099999995
25845.75,25913.776299999998
25845.75,25900.355600000003
25845.75,25907.2327
25845.75,25922.420599999994
25845.75,25907.6627
25845.75,25904.4263
25845.75,25905.5453
25845.75,25902.9707
25845.75,25905.6465
25845.75,25925.013400000003
25845.75,25912.9645
25845.75,25908.049499999997
25845.75,25897.313000000002
25845.75,25923.526399999995
25845.75,25901.6891
25845.75,25906.0539
25845.75,25902.278499999997
25845.75,25903.003000000004
25845.75,25900.9244
25845.75,25912.350600000005
25845.75,25914.004699999998
25845.75,25920.3044
25845.75,25912.280300000002
25845.75,25904.3282
25845.75,25912.345999999998
25845.75,25923.578899999993
25845.75,25892.120399999996
25845.75,25924.0209
25845.75,25892.982300000003
25845.75,25925.3919
25845.75,25929.5019
25845.75,25898.0917
25845.75,25909.927200000006
25845.75,25902.864499999996
25845.75,25902.113300000005
25845.75,25909.336400000004
25845.75,25927.5893
25845.75,25904.5205
25845.75,25902.613999999998
25845.75,25911.111800000002
25845.75,25902.722399999995
25845.75,25905.654599999998
25845.75,25911.897899999996
25845.75,25923.688700000002
25845.75,25907.4473
25845.75,25899.1445
25845.75,25908.658000000003
25845.75,25918.2759
25845.75,25906.4887
25845.75,25904.8791
25845.75,25909.6288
25845.75,25919.2479
25845.75,25916.7293
25845.75,25926.3926
25845.75,25912.3883
25845.75,25897.680600000003
25845.75,25911.2242
25845.75,25925.544500000007
25845.75,25914.941400000003
25845.75,25913.437400000003
25845.75,25900.2883
25845.75,25910.135499999997
25845.75,25923.437599999997
25845.75,25917.440799999997
25845.75,25927.9487
25845.75,25913.5476
25845.75,25906.000299999996
25845.75,25898.299399999996
25845.75,25906.171
25845.75,25907.086799999997
25845.75,25908.4201
25845.75,25916.158699999993
25845.75,25894.9172
25845.75,25913.837399999997
25845.75,25902.6718
25845.75,25916.992099999996
25845.75,25918.0707
25845.75,25911.1334
25845.75,25922.1212
25845.75,25927.4222
25845.75,25907.3442
25845.75,25909.280999999995
25845.75,25913.241199999997
25845.75,25913.83
25845.75,25911.6941
25845.75,25907.248199999998
25845.75,25907.7074
25845.75,25911.5087
25845.75,25915.3439
25845.75,25910.1366
25845.75,25919.4022
25845.75,25904.397000000004
25845.75,25915.287399999997
25845.75,25910.435600000004
25845.75,25903.916699999998
25845.75,25917.267000000003
25845.75,25925.512199999997
25845.75,25901.1843
25845.75,25891.976799999997
25845.75,25902.8335
25845.75,25903.878600000004
25845.75,25911.1432
25845.75,25889.963
25845.75,25929.489800000003
25845.75,25908.175899999995
25845.75,25917.668500000003
25845.75,25909.7862
25845.75,25918.046500000004
25845.75,25905.5326
25845.75,25910.711799999997
25845.75,25891.9874
25845.75,25883.1904
25845.75,25900.411100000005
25845.75,25898.254299999997
25845.75,25931.5016
25845.75,25902.599
25845.75,25915.5255
25845.75,25903.5788
25845.75,25923.657699999996
25845.75,25904.644
25845.75,25914.357299999996
25845.75,25906.9095
25845.75,25911.0051
25845.75,25908.868400000003
25845.75,25900.1584
25845.75,25904.2206
25845.75,25916.85710000001
25845.75,25904.712499999998
25845.75,25895.630600000004
25845.75,25909.7093
25845.75,25918.298500000004
25845.75,25901.351400000007
25845.75,25925.413999999997
25845.75,25923.5604
25845.75,25902.7935
25845.75,25899.8002
25845.75,25902.5755
25845.75,25910.4264
25845.75,25897.673300000002
25845.75,25913.157499999998
25845.75,25923.4065
25845.75,25922.138199999998
25845.75,25912.871699999996
25845.75,25914.576900000004
25845.75,25909.887
25845.75,25909.914099999998
25845.75,25920.599799999993
25845.75,25907.152400000003
25845.75,25911.334499999997
25845.75,25899.513899999998
25845.75,25927.778000000002
25845.75,25912.302000000003
25845.75,25910.797800000004
25845.75,25911.791200000003
25845.75,25912.5506
25845.75,25915.966800000002
25845.75,25908.8397
25845.75,25916.0359
25845.75,25909.8895
25845.75,25903.000199999995
25845.75,25903.052899999995
25845.75,25913.218
25845.75,25916.9188
25845.75,25910.2713
25845.75,25894.7108
25845.75,25915.630499999996
25845.75,25906.4448
25845.75,25902.720900000008
25845.75,25904.2444
25845.75,25902.438000000002
25845.75,25900.2171
25845.75,25908.6279
25845.75,25899.284700000004
25845.75,25909.647
25845.75,25900.729700000004
25845.75,25911.885199999997
25845.75,25910.7188
25845.75,25919.0095
25845.75,25907.754
25845.75,25918.174900000005
25845.75,25916.189999999995
25845.75,25905.643799999998
25845.75,25914.739999999998
25845.75,25920.353500000005
25845.75,25908.1385
25845.75,25918.8014
25845.75,25902.191600000002
25845.75,25904.136899999998
25845.75,25911.481
25845.75,25909.632200000004
25845.75,25917.953999999998
25845.75,25913.920399999995
25845.75,25912.336099999997
25845.75,25923.613400000002
25845.75,25897.9501
25845.75,25907.070399999993
25845.75,25910.884500000004
25845.75,25911.846699999995
25845.75,25905.561900000004
25845.75,25913.033599999995
25845.75,25910.862699999994
25845.75,25914.409700000007
25845.75,25904.733
25845.75,25902.300100000004
25845.75,25906.6269
25845.75,25903.629399999998
25845.75,25910.3112
25845.75,25918.7469
25845.75,25918.188200000004
25845.75,25905.0091
25845.75,25900.8044
25845.75,25922.763500000005
25845.75,25901.685199999996
25845.75,25901.655300000002
25845.75,25908.384599999998
25845.75,25921.9957
25845.75,25924.102999999996
25845.75,25916.2161
25845.75,25913.011200000004
25845.75,25903.869300000002
25845.75,25909.6595
25845.75,25905.005699999998
25845.75,25903.472500000003
25845.75,25925.1155
25845.75,25907.880800000003
25845.75,25902.774999999998
25845.75,25905.2759
25845.75,25926.0292
25845.75,25907.301099999997
25845.75,25922.5768
25845.75,25923.1099
25845.75,25916.4875
25845.75,25925.411399999994
25845.75,25901.317800000004
25845.75,25901.976799999997
25845.75,25927.366400000003
25845.75,25913.133200000004
25845.75,25908.0257
25845.75,25922.034399999997
25845.75,25915.661400000005
25845.75,25898.8574
25845.75,25920.3019
25845.75,25923.5927
25845.75,25901.922499999993
25845.75,25917.6339
25845.75,25894.646600000004
25845.75,25902.278899999998
25845.75,25912.578300000005
25845.75,25922.746499999997
25845.75,25910.4591
25845.75,25903.684700000005
25845.75,25898.263799999997
25845.75,25904.1128
25845.75,25917.648900000004
25845.75,25916.6806
25845.75,25896.089000000004
25845.75,25935.7626
25845.75,25903.897999999997
25845.75,25915.616
25845.75,25905.361500000003
25845.75,25927.9538
25845.75,25915.577
25845.75,25910.0132
25845.75,25927.538999999997
25845.75,25905.3557
25845.75,25895.790600000004
25845.75,25903.327600000008
25845.75,25922.2685
25845.75,25900.116700000002
25845.75,25920.5314
25845.75,25908.728199999998
25845.75,25919.029699999996
25845.75,25896.4934
25845.75,25914.001599999996
25845.75,25911.8006
25845.75,25917.0709
25845.75,25914.1123
25845.75,25914.322900000006
25845.75,25898.9582
25845.75,25911.436399999995
25845.75,25897.6395
25845.75,25921.589
25845.75,25906.899299999997
25845.75,25895.216200000003
25845.75,25900.153500000004
25845.75,25932.173699999996
25845.75,25907.5267
25845.75,25917.916299999997
25845.75,25914.533499999998
25845.75,25924.8562
25845.75,25908.054499999995
25845.75,25919.066400000003
25845.75,25915.4467
25845.75,25924.554500000002
25845.75,25894.704
25845.75,25909.129900000004
25845.75,25897.868899999998
25845.75,25910.086799999997
25845.75,25900.5832
25845.75,25899.6811
25845.75,25914.775400000002
25845.75,25916.9983
25845.75,25900.681499999995
25845.75,25910.962099999997
25845.75,25922.1197
25845.75,25916.197500000002
25845.75,25906.9163
25845.75,25913.844000000005
25845.75,25916.17549999999
25845.75,25892.495300000002
25845.75,25911.744199999997
25845.75,25908.4364
25845.75,25913.735500000003
25845.75,25918.0058
25845.75,25914.653
25845.75,25895.097599999997
25845.75,25905.0146
25845.75,25908.2291
25845.75,25900.426400000004
25845.75,25889.9691
25845.75,25900.7964
25845.75,25910.518999999997
25845.75,25923.3269
25845.75,25919.251500000002
25845.75,25904.663500000002
25845.75,25911.620300000002
25845.75,25901.053099999997
25845.75,25900.866599999998
25845.75,25906.874499999998
25845.75,25907.117599999998
25845.75,25912.337799999998
25845.75,25911.0596
25845.75,25906.5298
25845.75,25905.5981
25845.75,25915.691200000005
25845.75,25936.0197
25845.75,25913.218800000002
25845.75,25903.2019
25845.75,25918.0714
25845.75,25903.960499999997
25845.75,25906.6293
25845.75,25935.064099999996
25845.75,25918.8
25845.75,25911.0844
25845.75,25900.449500000002
25845.75,25901.6935
25845.75,25911.341700000008
25845.75,25892.887100000004
25845.75,25905.107799999998
25845.75,25905.381199999996
25845.75,25902.208699999996
25845.75,25918.9311
25845.75,25915.632599999994
25845.75,25903.605199999995
25845.75,25896.044100000003
25845.75,25903.350599999998
25845.75,25908.2716
25845.75,25924.5826
25845.75,25900.7949
25845.75,25906.264999999996
25845.75,25912.2084
25845.75,25906.4554
25845.75,25916.914900000007
25845.75,25903.862199999996
25845.75,25908.388199999998
25845.75,25908.1027
25845.75,25895.483
25845.75,25899.9858
25845.75,25902.606499999998
25845.75,25904.858500000002
25845.75,25909.598099999996
25845.75,25894.532400000004
25845.75,25899.312800000003
25845.75,25936.2643
25845.75,25915.950999999997
25845.75,25927.705200000004
25845.75,25916.799199999998
25845.75,25911.207700000003
25845.75,25907.7474
25845.75,25905.6349
25845.75,25902.492699999995
25845.75,25903.932500000003
25845.75,25906.692099999993
25845.75,25908.991800000003
25845.75,25894.208799999997
25845.75,25903.5513
25845.75,25905.136600000005
25845.75,25905.043800000007
25845.75,25930.6703
25845.75,25898.689000000002
25845.75,25920.221
25845.75,25888.86530000001
25845.75,25922.5895
25845.75,25902.155099999996
25845.75,25906.768400000008
25845.75,25910.724300000005
25845.75,25893.591699999997
25845.75,25892.699700000005
25845.75,25909.825100000002
25845.75,25909.898800000003
25845.75,25920.803000000004
25845.75,25908.248400000004
25845.75,25919.2378
25845.75,25916.6695
25845.75,25900.191
25845.75,25918.780899999998
25845.75,25904.165800000002
25845.75,25901.5684
25845.75,25923.1215
25845.75,25909.94
25845.75,25905.564700000003
25845.75,25910.4994
25845.75,25912.333799999997
25845.75,25902.3788
25845.75,25917.649699999998
25845.75,25909.940300000002
25845.75,25905.047400000003
25845.75,25892.0446
25845.75,25919.2862
25845.75,25897.982099999997
25845.75,25909.352699999996
25845.75,25912.131
25845.75,25898.779899999994
25845.75,25920.884500000004
25845.75,25900.4762
25845.75,25918.9099
25845.75,25903.4011
25845.75,25911.197799999994
25845.75,25911.56750000001
25845.75,25904.7249
25845.75,25923.533299999996
25845.75,25916.7333
25845.75,25913.4614
25845.75,25903.873
25845.75,25924.3719
25845.75,25893.415500000003
25845.75,25910.22
25845.75,25930.9833
25845.75,25911.294
25845.75,25907.450299999997
25845.75,25897.908599999995
25845.75,25910.462900000002
25845.75,25903.2189
25845.75,25901.2405
25845.75,25894.219500000003
25845.75,25920.77
25845.75,25904.155100000004
25845.75,25905.8791
25845.75,25908.436600000005
25845.75,25911.8504
25845.75,25915.305
25845.75,25914.9728
25845.75,25901.646400000005
25845.75,25907.577900000004
25845.75,25911.72130000001
25845.75,25913.2527
25845.75,25926.254299999993
25845.75,25916.6837
25845.75,25907.2065
25845.75,25898.0151
25845.75,25908.0525
25845.75,25902.625399999997
25845.75,25918.716500000002
25845.75,25913.3669
25845.75,25905.934
25845.75,25909.9136
25845.75,25909.647499999992
25845.75,25918.9437
25845.75,25898.318099999997
25845.75,25896.630100000002
25845.75,25893.048700000003
25845.75,25909.987500000007
25845.75,25922.1825
25845.75,25911.842600000007
25845.75,25902.140900000006
25845.75,25887.3475
25845.75,25900.712199999998
25845.75,25910.812200000004
25845.75,25906.985300000004
25845.75,25915.6004
25845.75,25904.8475
25845.75,25924.020200000006
25845.75,25907.9803
25845.75,25917.091900000003
25845.75,25908.580500000004
25845.75,25931.4376
25845.75,25901.548700000003
25845.75,25924.8065
25845.75,25916.8862
25845.75,25895.420099999996
25845.75,25936.330000000005
25845.75,25907.8867
25845.75,25897.753299999993
25845.75,25913.068399999996
25845.75,25898.803799999998
25845.75,25911.3621
25845.75,25903.113999999994
25845.75,25913.6475
25845.75,25925.2471
25845.75,25908.511400000003
25845.75,25909.7084
25845.75,25907.076399999998
25845.75,25917.589499999995
25845.75,25893.711900000002
25845.75,25924.6647
25845.75,25899.928100000005
25845.75,25899.019
25845.75,25895.4798
25845.75,25906.4391
25845.75,25910.017500000005
25845.75,25907.7985
25845.75,25903.355099999997
25845.75,25915.732800000005
25845.75,25906.952900000004
25845.75,25910.792300000005
25845.75,25902.856900000002
25845.75,25917.551
25845.75,25931.683600000004
25845.75,25899.775700000006
25845.75,25920.8617
25845.75,25917.6941
25845.75,25903.070300000003
25845.75,25906.4134
25845.75,25908.566100000004
25845.75,25899.823500000002
