BestFitnessMean,AverageFitnessMean
50422.25,87736.0658
43991.6,73890.02400000002
39303.15,63926.8277
36582.8,56119.9605
34468.65,49315.3562
32649.85,44986.0129
31463.0,42362.2478
30226.1,40298.11750000001
28943.0,38415.8741
28137.05,37146.3306
27752.9,35702.202399999995
27354.9,34407.3359
27045.7,33186.07290000001
26762.0,32273.058299999993
26484.25,31262.5076
26381.0,30725.255900000007
26264.0,30056.910400000004
26185.2,29482.9444
26164.75,28837.3638
26103.8,28234.365500000004
26058.25,27743.6726
26056.4,27530.4318
26048.05,27318.233799999998
26034.55,27093.273199999996
26033.7,26999.836600000002
26029.25,26732.790399999998
26015.75,26638.642199999995
26015.75,26569.1838
26015.75,26629.763599999995
26012.75,26551.7083
26012.75,26509.7827
25991.9,26515.261600000005
25991.9,26385.8785
25991.9,26344.6178
25991.9,26302.45889999999
25991.9,26122.4226
25991.9,26149.678200000002
25991.9,26159.312700000002
25991.75,26120.222499999996
25991.75,26132.035900000003
25979.85,26171.9156
25968.45,26174.809100000002
25968.45,26205.508299999998
25964.15,26299.496100000008
25959.85,26279.621600000002
25959.85,26319.3157
25959.85,26327.962299999996
25955.4,26150.219900000004
25955.4,26077.962700000004
25955.4,26064.9696
25955.4,26147.174400000004
25955.4,26071.927499999998
25955.4,26024.1723
25955.4,26036.556000000004
25955.4,26037.323699999997
25955.4,26056.356200000002
25955.4,26037.994599999998
25955.4,26036.2921
25955.4,26040.6345
25955.4,26031.4911
25955.4,26051.889199999998
25951.1,26038.9698
25946.8,26054.0032
25946.8,26066.0607
25946.8,26127.1322
25946.8,26101.982200000006
25946.8,26118.889600000006
25946.8,26021.954000000005
25946.8,26027.5348
25946.8,26012.542899999993
25946.8,26014.798899999998
25946.8,26015.5645
25942.5,26010.8954
25942.5,26017.8065
25942.5,26024.2377
25942.5,26028.879000000004
25942.5,26049.145700000005
25942.5,26082.739499999996
25942.5,26087.7457
25942.5,26013.484100000005
25942.5,26011.3381
25942.5,26033.0729
25942.5,25999.724400000003
25937.35,26012.2522
25937.35,26010.626200000002
25937.35,26008.270200000003
25937.35,26009.761599999998
25937.35,26001.038499999995
25937.35,26011.461399999997
25937.35,25992.535200000002
25937.35,26004.399699999998
25937.35,26009.0281
25937.35,26022.8114
25925.1,26011.830199999997
25925.1,25994.788299999997
25925.1,26015.6653
25925.1,25990.001
25925.1,26000.420400000003
25925.1,25977.961400000004
25925.1,25984.379700000005
25925.1,25990.613999999994
25925.1,25993.233700000004
25925.1,25991.7535
25925.1,25985.743000000002
25925.1,25969.787200000002
25925.1,25978.2566
25913.2,25991.236900000004
25900.95,25966.783499999998
25900.95,26007.8464
25900.95,26037.990400000002
25896.65,26032.8431
25896.65,25968.0038
25896.65,25987.882600000004
25896.65,25986.9292
25896.65,25958.029799999997
25896.65,25972.079800000007
25896.65,25974.810999999998
25896.65,25978.213
25892.35,25964.6691
25888.05,25985.5986
25892.35,25977.395200000003
25892.35,25967.034499999998
25892.35,25941.347
25892.35,25950.2561
25892.35,25971.545999999995
25892.2,25929.721700000002
25887.9,25961.4064
25879.7,25986.590600000003
25879.7,25994.942000000003
25879.7,25995.283900000002
25879.55,25979.673600000002
25879.55,26040.376800000002
25879.55,26108.217099999998
25879.55,26055.456
25879.55,25949.626399999997
25879.55,25935.728600000002
25879.55,25936.9692
25879.55,25960.206700000002
25879.55,25971.665499999996
25879.55,25956.090599999996
25879.55,25954.151000000005
25879.55,25973.885
25879.55,25946.0495
25879.55,25936.984700000005
25879.55,25934.055699999997
25879.55,25936.063799999996
25879.55,25944.394900000003
25879.55,25931.3452
25879.55,25937.2735
25869.65,25959.5676
25869.65,25934.5472
25869.65,25942.639300000003
25869.65,25954.365899999997
25869.65,25930.4061
25869.65,25948.200500000003
25869.65,25941.3954
25869.65,25915.209900000005
25869.65,25947.7493
25869.65,25934.456899999997
25869.65,25933.716699999997
25869.65,25935.0016
25869.65,25937.4666
25869.65,25946.86149999999
25869.65,25939.535000000007
25869.65,25928.6465
25869.65,25937.202
25869.65,25929.5391
25869.65,25935.261700000003
25856.7,25949.533199999998
25856.7,25938.0022
25856.7,25958.941700000003
25856.7,25981.664800000006
25856.7,26133.309199999996
25855.3,26139.4804
25855.3,25945.0501
25855.3,25923.783199999998
25855.3,25919.5601
25855.3,25920.3761
25855.3,25920.899600000004
25855.3,25946.4959
25855.3,25947.423000000003
25855.3,25926.9321
25855.3,25950.6568
25855.3,25959.975400000003
25855.3,25958.257199999996
25855.3,25984.1397
25855.3,25982.073199999995
25855.3,25979.001500000002
25855.3,26008.542600000004
25855.3,25976.147599999997
25855.3,25965.7046
25855.3,25918.213800000005
25855.3,25908.830599999998
25855.3,25923.0729
25855.3,25939.3923
25855.3,25920.936599999994
25855.3,25906.624599999996
25855.3,25909.5147
25855.3,25926.382
25855.3,25918.2722
25855.3,25925.2733
25855.3,25930.224599999998
25855.3,25914.159099999997
25855.3,25915.834400000003
25855.3,25925.703500000003
25855.3,25942.830600000005
25855.3,25924.1546
25855.3,25912.3473
25855.3,25917.6279
25855.3,25922.506800000003
25855.3,25911.5816
25855.3,25921.9816
25855.3,25908.394399999997
25855.3,25918.468799999995
25855.3,25906.573599999996
25855.3,25917.7086
25855.3,25931.5188
25855.3,25916.366899999997
25855.3,25926.894200000002
25855.3,25918.835499999997
25855.3,25923.1908
25855.3,25909.970999999998
25855.3,25912.0979
25855.3,25926.86539999999
25855.3,25922.473899999997
25855.3,25918.6632
25855.3,25917.250900000006
25855.3,25926.083400000003
25855.3,25912.428200000002
25855.3,25919.7857
25855.3,25901.7881
25855.3,25927.621499999997
25855.3,25918.8738
25855.3,25931.7535
25855.3,25906.6975
25855.3,25927.3361
25855.3,25910.307800000002
25855.3,25917.5572
25855.3,25936.863400000002
25855.3,25940.383600000005
25855.3,25911.589
25855.3,25951.3215
25855.3,25914.654499999993
25855.3,25908.892400000004
25855.3,25926.5267
25855.3,25898.766299999996
25855.3,25918.385599999994
25855.3,25919.7921
25855.3,25912.471400000002
25855.3,25935.230900000002
25855.3,25914.561900000004
25855.3,25919.1194
25855.3,25922.5903
25855.3,25934.3139
25855.3,25906.4495
25855.3,25914.652700000002
25855.3,25925.8234
25855.3,25925.8111
25855.3,25913.630299999997
25855.3,25933.2131
25855.3,25933.5812
25855.3,25920.206899999997
25855.3,25922.762500000004
25855.3,25931.139300000003
25855.3,25924.0184
25855.3,25896.1172
25855.3,25896.005899999996
25855.3,25927.774500000007
25855.3,25927.292
25855.3,25921.2689
25855.3,25942.302200000002
25855.3,25922.263700000003
25855.3,25908.011
25855.3,25930.5758
25855.3,25918.7511
25855.3,25924.082399999996
25855.3,25935.997800000005
25855.3,25904.6375
25855.3,25915.784099999997
25855.3,25926.845499999996
25855.3,25914.209600000006
25855.3,25920.630199999996
25855.3,25924.9643
25855.3,25913.8488
25855.3,25920.173600000002
25855.3,25928.067300000002
25855.3,25933.086199999998
25855.3,25922.2899
25855.3,25921.365099999995
25855.3,25921.8194
25855.3,25902.413200000003
25855.3,25914.386100000003
25855.3,25917.269900000003
25855.3,25925.671400000003
25855.3,25925.607999999997
25855.3,25915.4594
25855.3,25916.4235
25855.3,25941.996500000005
25855.3,25914.232299999996
25855.3,25925.0669
25855.3,25903.688599999998
25855.3,25911.354400000004
25855.3,25909.9067
25855.3,25904.684
25855.3,25928.458
25855.3,25912.822900000003
25855.3,25930.9871
25855.3,25918.3828
25855.3,25924.9915
25855.3,25924.582300000002
25855.3,25923.0831
25855.3,25918.0314
25855.3,25909.841100000005
25855.3,25909.008199999997
25855.3,25928.7306
25855.3,25917.352700000003
25855.3,25904.6484
25855.3,25924.215800000005
25855.3,25938.531899999998
25855.3,25920.549399999996
25855.3,25917.4541
25855.3,25920.5824
25855.3,25954.198899999992
25855.3,25922.0075
25855.3,25940.320600000003
25855.3,25911.090600000003
25855.3,25914.306
25855.3,25918.9134
25855.3,25916.970400000002
25855.3,25918.029899999994
25855.3,25928.459300000002
25855.3,25911.7533
25855.3,25912.377800000006
25855.3,25918.946000000004
25855.3,25901.6235
25855.3,25915.375200000002
25855.3,25936.586000000003
25855.3,25919.163000000004
25855.3,25925.236400000005
25855.3,25912.4516
25855.3,25907.760400000003
25855.3,25915.208599999998
25855.3,25921.156099999997
25855.3,25915.4993
25855.3,25912.570900000006
25855.3,25927.016200000002
25855.3,25929.1742
25855.3,25914.428499999998
25855.3,25913.2781
25855.3,25923.440899999998
25855.3,25932.053200000002
25855.3,25927.707599999998
25855.3,25912.204
25855.3,25915.776700000002
25855.3,25923.711900000002
25855.3,25930.871399999996
25855.3,25923.817800000004
25855.3,25911.5227
25855.3,25904.3257
25855.3,25922.3249
25855.3,25918.2089
25855.3,25902.980699999996
25855.3,25911.819299999996
25855.3,25915.910599999996
25855.3,25929.145499999995
25855.3,25914.529300000002
25855.3,25918.522800000002
25855.3,25925.857599999996
25855.3,25918.539599999996
25855.3,25930.1353
25855.3,25924.398500000003
25855.3,25928.0744
25855.3,25941.962600000003
25855.3,25903.715000000007
25855.3,25919.7705
25855.3,25909.318199999998
25855.3,25921.124899999995
25855.3,25915.1127
25855.3,25936.4091
25855.3,25930.266200000002
25855.3,25923.673600000002
25855.3,25909.8911
25855.3,25912.704699999995
25855.3,25927.8994
25855.3,25908.722
25855.3,25928.3588
25855.3,25949.264600000002
25855.3,25931.457899999998
25855.3,25899.100599999998
25855.3,25922.753200000003
25855.3,25922.02070000001
25855.3,25911.172899999998
25855.3,25921.030700000007
25855.3,25920.610200000003
25855.3,25913.479800000005
25855.3,25931.7285
25855.3,25913.805600000003
25855.3,25926.112200000003
25855.3,25946.2332
25855.3,25931.7688
25855.3,25924.2519
25855.3,25932.429699999997
25855.3,25929.721200000004
25851.0,25913.135600000005
25851.0,25943.094699999994
25851.0,25921.275199999996
25851.0,25943.293499999996
25851.0,25968.404599999998
25851.0,25965.3919
25851.0,26025.770900000003
25851.0,26030.361599999997
25851.0,25923.1082
25851.0,25924.0104
25851.0,25902.13
25851.0,25924.4626
25851.0,25931.9135
25851.0,25934.8965
25851.0,25911.846100000002
25851.0,25903.872400000004
25851.0,25899.4173
25851.0,25902.3945
25851.0,25941.470999999998
25851.0,25912.007799999996
25851.0,25914.013799999997
25851.0,25896.1169
25851.0,25917.314100000003
25851.0,25919.995400000007
25851.0,25915.046800000004
25851.0,25929.2385
25851.0,25910.754300000004
25851.0,25916.114800000003
25851.0,25915.564400000003
25851.0,25912.6037
25851.0,25933.303099999997
25851.0,25941.8079
25851.0,25911.3387
25851.0,25911.2555
25851.0,25912.3151
25851.0,25916.554200000002
25851.0,25919.423299999995
25851.0,25939.5647
25851.0,25903.203699999995
25851.0,25918.8105
25851.0,25911.3028
25851.0,25928.760700000006
25851.0,25922.458699999996
25851.0,25920.7273
25851.0,25917.2848
25851.0,25898.824200000003
25851.0,25911.0976
25851.0,25926.675100000004
25851.0,25927.0317
25851.0,25915.0515
25851.0,25895.7142
25851.0,25908.437500000004
25851.0,25914.201499999996
25851.0,25921.727099999996
25851.0,25918.5073
25851.0,25917.2686
25851.0,25922.5769
25851.0,25926.037099999994
25851.0,25907.0209
25851.0,25911.869
25851.0,25914.3093
25851.0,25922.14639999999
25851.0,25925.3182
25851.0,25910.876900000003
25851.0,25909.4263
25851.0,25919.193699999996
25851.0,25899.658900000002
25851.0,25911.632700000002
25851.0,25927.991499999996
25851.0,25930.373400000004
25851.0,25910.329399999995
25851.0,25896.1987
25851.0,25907.638199999998
25851.0,25947.1439
25851.0,25908.7792
25851.0,25919.4826
25851.0,25913.1086
25851.0,25908.995600000002
25851.0,25923.808999999997
25851.0,25917.492199999993
25851.0,25920.8191
25851.0,25917.971899999997
25851.0,25915.873
25851.0,25898.727399999996
25851.0,25917.832099999996
25851.0,25900.089
25851.0,25918.0118
25851.0,25912.0115
25851.0,25914.869599999998
25851.0,25913.5724
25851.0,25914.186299999998
25851.0,25914.826200000003
25851.0,25907.058
25851.0,25918.8701
25851.0,25933.689600000005
25851.0,25905.538800000002
25851.0,25914.965000000004
25851.0,25917.3451
25851.0,25916.0709
25851.0,25921.907
25851.0,25922.228600000002
25851.0,25925.2145
25851.0,25901.273499999996
25851.0,25902.8529
25851.0,25913.7772
25851.0,25927.0768
25851.0,25929.917899999997
25851.0,25908.925800000005
25851.0,25919.444300000006
25851.0,25927.0751
25851.0,25922.942800000004
25851.0,25903.2848
25851.0,25904.683800000003
25851.0,25935.9612
25851.0,25924.0726
25851.0,25910.843100000002
25851.0,25916.286200000002
25851.0,25927.3194
25851.0,25912.766900000006
25851.0,25935.168700000006
25851.0,25908.8419
25851.0,25912.922500000004
25851.0,25920.3238
25851.0,25909.212600000003
25851.0,25890.3607
25851.0,25923.189399999996
25851.0,25913.687599999997
25851.0,25920.3411
25851.0,25906.371600000002
25851.0,25926.654000000002
25851.0,25917.116800000003
25851.0,25913.3051
25851.0,25927.2452
25851.0,25908.5613
25851.0,25934.124900000003
25851.0,25920.542400000006
25851.0,25925.9104
25851.0,25903.923199999997
25851.0,25914.881599999993
25851.0,25914.5553
25851.0,25906.513
25851.0,25901.723600000005
25851.0,25923.701500000003
25851.0,25916.748099999997
25851.0,25921.504499999992
25851.0,25928.491100000003
25851.0,25912.602399999996
25851.0,25902.501999999997
25851.0,25922.623500000005
25851.0,25917.795899999997
25851.0,25926.421599999998
25851.0,25926.4966
25851.0,25901.665400000005
25851.0,25913.142000000003
25851.0,25914.248099999997
25851.0,25911.531699999996
25851.0,25941.218
25851.0,25949.0576
25851.0,25939.5063
25851.0,25916.839500000006
25851.0,25921.0505
25851.0,25925.294499999996
25851.0,25911.063700000002
25851.0,25921.148200000003
25851.0,25906.927900000002
25851.0,25911.825800000006
25851.0,25929.372000000007
25851.0,25924.097
25851.0,25897.2367
25851.0,25917.591000000004
25851.0,25910.880200000007
25851.0,25904.8966
25851.0,25920.4059
25851.0,25908.962299999996
25851.0,25915.574099999998
25851.0,25915.955200000004
25851.0,25905.8362
25851.0,25910.4759
25851.0,25915.264900000002
25851.0,25909.215699999997
25851.0,25931.251
25851.0,25938.793399999995
25851.0,25920.7002
25851.0,25912.534200000002
25851.0,25922.170499999997
25851.0,25927.104799999994
25851.0,25903.4383
25851.0,25924.9476
25851.0,25910.735500000003
25851.0,25912.5884
25851.0,25925.584299999995
25851.0,25903.2722
25851.0,25932.0503
25851.0,25903.677599999995
25851.0,25910.896400000005
25851.0,25907.215200000002
25851.0,25917.9333
25851.0,25913.6608
25851.0,25911.790100000002
25851.0,25923.7806
25851.0,25904.663099999998
25851.0,25942.325300000004
25851.0,25908.6641
25851.0,25919.532000000003
25851.0,25930.90459999999
25851.0,25924.200600000004
25851.0,25920.563299999998
25851.0,25912.2119
25851.0,25909.8899
25851.0,25939.2947
25851.0,25921.780700000003
25851.0,25904.514400000004
25851.0,25925.3433
25851.0,25905.7731
25851.0,25920.049099999997
25851.0,25924.201500000006
25851.0,25909.731399999997
25851.0,25935.1341
25851.0,25930.6655
25851.0,25908.412899999996
25851.0,25906.928000000004
25851.0,25922.430399999994
25851.0,25902.722700000002
25851.0,25912.8516
25851.0,25915.4873
25851.0,25910.675000000003
25851.0,25903.8429
25851.0,25904.5712
25851.0,25915.8718
25851.0,25929.509899999997
25851.0,25929.0115
25851.0,25924.7136
25851.0,25913.552300000003
25851.0,25905.379299999997
25851.0,25926.5709
25851.0,25913.507899999997
25851.0,25931.7332
25851.0,25912.6724
25851.0,25904.8091
25851.0,25905.450499999995
25851.0,25918.718
25851.0,25904.104799999997
25851.0,25911.7471
25851.0,25909.620300000002
25851.0,25926.5615
25851.0,25911.3626
25851.0,25917.376299999996
25851.0,25894.291699999998
25851.0,25907.8042
25851.0,25927.9156
25851.0,25922.001300000004
25851.0,25914.747600000006
25851.0,25911.7414
25851.0,25931.6628
25851.0,25911.558200000003
25851.0,25910.9818
25851.0,25910.217900000003
25851.0,25916.0905
25851.0,25928.6414
25851.0,25921.4702
25851.0,25898.802700000004
25851.0,25930.9199
25851.0,25909.375500000002
25851.0,25926.386599999998
25851.0,25910.863700000005
25851.0,25900.029
25851.0,25921.142900000006
25851.0,25920.1211
25851.0,25938.9199
25851.0,25933.329000000005
25851.0,25929.091099999998
25851.0,25934.7238
25851.0,25919.7651
25851.0,25918.415999999994
25851.0,25924.036
25851.0,25912.596100000002
25851.0,25913.564399999996
25851.0,25909.539000000004
25851.0,25915.6529
25851.0,25938.2048
25851.0,25922.3524
25851.0,25914.0759
25851.0,25930.640599999995
25851.0,25918.925800000005
25851.0,25912.298700000003
25851.0,25922.0265
25851.0,25920.201
25851.0,25923.023000000005
25851.0,25907.426499999998
25851.0,25923.225
25851.0,25929.053599999996
25851.0,25907.5452
25851.0,25908.260100000007
25851.0,25912.776900000004
25851.0,25917.879000000004
25851.0,25924.075900000003
25851.0,25902.2538
25851.0,25927.998900000006
25851.0,25921.6506
25851.0,25930.284100000004
25851.0,25910.395500000002
25851.0,25918.7324
25851.0,25907.522000000004
25851.0,25911.739100000003
25851.0,25895.2326
25851.0,25923.697899999996
25851.0,25898.9175
25851.0,25917.429
25851.0,25916.005499999996
25851.0,25931.830899999997
25851.0,25913.3992
25851.0,25919.770800000002
25851.0,25890.3061
25851.0,25926.2575
25851.0,25915.591999999997
25851.0,25926.456999999995
25851.0,25917.825100000005
25851.0,25909.100600000005
25851.0,25933.563799999996
25851.0,25930.3612
25851.0,25922.509299999998
25851.0,25906.989599999997
25851.0,25918.8841
25851.0,25921.5946
25851.0,25907.069799999997
25851.0,25925.2416
25851.0,25931.693099999997
25851.0,25895.791299999997
25851.0,25904.2153
25851.0,25904.7004
25851.0,25918.384000000002
25851.0,25902.202600000004
25851.0,25907.7903
25851.0,25903.9222
25851.0,25914.014999999996
25851.0,25914.783999999992
25851.0,25925.367700000003
25851.0,25894.4321
25851.0,25930.6221
25851.0,25894.8519
25851.0,25903.409299999996
25851.0,25923.8254
25851.0,25923.4055
25851.0,25908.1936
25851.0,25908.150400000006
25851.0,25938.077500000003
25851.0,25910.704600000005
25851.0,25908.5345
25851.0,25909.376599999996
25851.0,25908.359299999996
25851.0,25912.949
25851.0,25928.0599
25851.0,25908.6301
25851.0,25901.2043
25851.0,25915.2813
25851.0,25929.121600000002
25851.0,25923.120799999997
25851.0,25930.4315
25851.0,25913.1714
25851.0,25914.5264
25851.0,25908.265199999998
25851.0,25925.727199999998
25851.0,25909.500299999996
25851.0,25916.924399999996
25851.0,25914.810600000004
25851.0,25920.047400000003
25851.0,25917.340399999997
25851.0,25920.7817
25851.0,25916.509600000005
25851.0,25918.7557
25851.0,25915.5598
25851.0,25929.567099999997
25851.0,25910.840000000004
25851.0,25903.950499999995
25851.0,25911.8908
25851.0,25924.7308
25851.0,25905.3073
25851.0,25926.4241
25851.0,25941.9772
25851.0,25918.339799999998
25851.0,25917.770200000003
25851.0,25925.171000000002
25851.0,25919.9213
25851.0,25915.6658
25851.0,25928.711300000003
25851.0,25909.2513
25851.0,25919.1861
25851.0,25931.6463
25851.0,25926.6617
25851.0,25916.575900000003
25851.0,25910.503699999997
25851.0,25912.2003
25851.0,25919.9919
25851.0,25913.4189
25851.0,25908.5503
25851.0,25922.657499999998
25851.0,25910.0863
25851.0,25928.321700000004
25851.0,25914.9415
25851.0,25911.820900000002
25851.0,25920.029300000002
25851.0,25925.955499999996
25851.0,25922.7594
25851.0,25923.3426
25851.0,25934.6514
25851.0,25945.919400000002
25851.0,25927.603600000002
25851.0,25910.441100000004
25851.0,25917.432
25851.0,25909.6359
25851.0,25920.058399999998
25851.0,25908.326900000004
25851.0,25926.152899999997
25851.0,25899.9375
25851.0,25914.595500000003
25851.0,25925.804999999997
25851.0,25909.301100000004
25851.0,25897.683199999996
25851.0,25909.848700000002
25851.0,25927.105599999995
25851.0,25923.019000000004
25851.0,25897.63850000001
25851.0,25914.7131
25851.0,25920.9814
25851.0,25916.668
25851.0,25921.132599999997
25851.0,25935.4987
25851.0,25931.3129
25851.0,25947.2178
25851.0,25911.7103
25851.0,25923.6612
25851.0,25927.634399999995
25851.0,25920.783
25851.0,25896.693400000004
25851.0,25909.1326
25851.0,25903.3762
25851.0,25914.4006
25851.0,25909.974499999997
25851.0,25907.570900000002
25851.0,25894.4279
25851.0,25918.223100000003
25851.0,25909.5798
25851.0,25928.338300000003
25851.0,25917.3831
25851.0,25920.134299999998
25851.0,25916.997200000005
25851.0,25911.125700000004
25851.0,25916.637799999997
25851.0,25898.590300000003
25851.0,25918.509600000005
25851.0,25905.141899999995
25851.0,25901.359300000004
25851.0,25914.531499999994
25851.0,25913.8157
25851.0,25910.023900000004
25851.0,25919.116600000005
25851.0,25908.989599999994
25851.0,25909.2651
25851.0,25920.713200000002
25851.0,25927.895500000002
25851.0,25916.535
25851.0,25920.947
25851.0,25906.113000000005
25851.0,25914.14
25851.0,25913.154199999997
25851.0,25915.172700000003
25851.0,25904.624799999998
25851.0,25911.591800000002
25851.0,25913.874000000003
25851.0,25909.8525
25851.0,25910.5735
25851.0,25921.0905
25851.0,25902.395499999995
25851.0,25924.903899999998
25851.0,25915.517799999998
25851.0,25930.8706
25851.0,25916.260899999994
25851.0,25919.8634
25851.0,25932.461900000002
25851.0,25910.044099999996
25851.0,25901.180900000003
25851.0,25919.6552
25851.0,25916.418000000005
25851.0,25918.589900000003
25851.0,25929.14
25851.0,25904.3236
25851.0,25901.492100000003
25851.0,25911.843
25851.0,25912.1394
25851.0,25909.4355
25851.0,25903.435199999993
25851.0,25922.967500000006
25851.0,25913.981
25851.0,25902.3905
25851.0,25919.647
25851.0,25905.4139
25851.0,25913.326900000004
25851.0,25939.374999999996
25851.0,25926.5875
25851.0,25915.007900000004
25851.0,25910.437199999997
25851.0,25922.3093
25851.0,25912.5991
25851.0,25910.5475
25851.0,25937.154300000002
25851.0,25910.5933
25851.0,25910.675200000005
25851.0,25904.064199999997
25851.0,25911.0424
25851.0,25926.778399999996
25851.0,25910.4575
25851.0,25916.4049
25851.0,25910.895200000006
25851.0,25915.456800000004
25851.0,25924.856199999995
25851.0,25941.034099999997
25851.0,25901.799999999996
25851.0,25900.0399
25851.0,25926.631900000004
25851.0,25911.854000000003
25851.0,25942.3477
25851.0,25925.669499999996
25851.0,25907.211799999997
25851.0,25915.254500000006
25851.0,25914.646400000005
25851.0,25903.657400000004
25851.0,25918.223099999996
25851.0,25910.062700000002
25851.0,25911.667400000006
25851.0,25915.8839
25851.0,25936.9358
25851.0,25923.0171
25851.0,25904.156000000003
25851.0,25913.637800000004
25851.0,25917.1451
25851.0,25922.819
25851.0,25911.870600000002
25851.0,25916.360800000002
25851.0,25918.014600000002
25851.0,25920.725700000003
25851.0,25928.490999999998
25851.0,25933.6966
25851.0,25934.4436
25851.0,25906.9462
25851.0,25892.5622
25851.0,25912.821099999997
25851.0,25913.151599999997
25851.0,25907.856599999992
25851.0,25918.002799999995
25851.0,25924.3882
25851.0,25933.282900000002
25851.0,25904.1841
25851.0,25922.7662
25851.0,25924.315200000005
25851.0,25913.351800000004
25851.0,25922.696799999998
25851.0,25917.633299999998
25851.0,25912.934400000002
25851.0,25907.548000000003
25851.0,25901.441000000003
25851.0,25929.319600000003
25851.0,25920.131699999994
25851.0,25886.158200000005
25851.0,25901.929799999998
25851.0,25919.721999999998
25851.0,25909.9035
25851.0,25917.360200000003
25851.0,25907.329799999996
25851.0,25913.4264
25851.0,25937.9112
25851.0,25924.472999999998
25851.0,25913.5374
25851.0,25913.8708
25851.0,25917.869199999997
25851.0,25926.46
25851.0,25932.141600000003
25851.0,25924.739999999994
25851.0,25915.154100000003
25851.0,25925.9071
25851.0,25905.5977
25851.0,25916.2866
25851.0,25900.7162
25851.0,25906.446200000006
25851.0,25907.0429
25851.0,25915.087199999998
25851.0,25911.484399999998
25851.0,25925.096100000002
25851.0,25905.63
25851.0,25935.516600000003
25851.0,25910.209299999995
25851.0,25914.247600000006
25851.0,25909.065099999996
25851.0,25935.9649
25851.0,25908.8949
25851.0,25919.624300000003
25851.0,25921.152
25851.0,25906.8096
