BestFitnessMean,AverageFitnessMean
52142.25,87595.17309999999
48646.6,82405.4351
46603.3,78152.8192
42695.2,74580.4326
40364.85,71770.31139999999
38877.25,69116.94519999999
37484.8,66650.0176
36155.3,64539.0216
35463.3,62427.241500000004
34882.85,60573.343700000005
34285.2,59280.75220000001
33783.55,57799.8956
33037.65,56752.82000000001
32635.8,55593.09060000001
32431.05,55019.4968
32048.2,54207.161
31701.2,53483.9686
31308.5,52986.054599999996
30993.75,52189.843400000005
30557.65,51707.207500000004
30509.95,51370.13050000001
30340.2,50824.6484
30091.45,50275.20640000001
29764.65,49960.26720000001
29433.8,49679.003099999994
29050.0,49274.205200000004
28915.1,49026.59479999999
28820.95,48774.295999999995
28720.95,48333.2221
28510.05,47932.7434
28252.9,47861.6462
28233.45,47525.96399999999
28051.75,47368.5827
27986.55,47220.68949999999
27964.45,47048.62
27889.25,47008.8766
27837.7,46967.027
27798.3,46776.430900000014
27700.75,46616.843100000006
27580.15,46431.038400000005
27573.05,46373.9034
27419.7,46351.5067
27407.15,46295.60220000001
27393.1,46141.90900000001
27375.0,46226.76299999999
27354.05,46155.1876
27332.45,45985.56850000001
27259.05,45824.7037
27244.75,45749.923599999995
27210.95,45670.153600000005
27202.45,45651.7655
27130.0,45599.3558
27101.15,45475.9923
27076.8,45479.749100000015
27069.2,45362.56369999999
27038.35,45367.4373
27038.35,45249.66499999999
26985.35,45285.79690000001
26922.75,45317.6903
26922.75,44994.6693
26888.5,44772.488000000005
26867.15,44817.7813
26853.85,44779.2489
26844.45,44707.80419999999
26838.1,44663.575000000004
26805.6,44626.0761
26778.2,44509.5546
26762.95,44628.9933
26733.4,44630.29
26705.55,44653.54380000001
26704.2,44659.8331
26644.4,44764.7651
26627.7,44547.147699999994
26585.55,44575.69439999999
26569.65,44436.887299999995
26551.05,44050.9593
26533.4,43882.83129999999
26531.65,43655.7732
26520.65,43339.1668
26508.3,43262.24710000001
26500.65,43004.3371
26495.65,42862.2478
26488.85,42664.4068
26471.5,42440.702000000005
26467.05,42185.722700000006
26463.65,41906.2277
26459.4,41753.67660000001
26453.75,41599.77159999999
26450.65,41683.968799999995
26435.9,41507.64489999999
26435.9,41445.1488
26425.95,41502.7854
26411.5,41371.569299999996
26409.75,41262.2763
26405.0,41034.96260000001
26396.9,40704.040100000006
26395.4,40683.5556
26395.4,40427.463
26386.25,40145.921899999994
26367.65,40016.6917
26353.3,40133.03079999999
26352.65,40024.2437
26342.85,40113.2226
26335.3,40149.1281
26325.85,39957.175599999995
26314.15,39780.2898
26310.35,39738.711800000005
26309.4,39551.361500000006
26297.15,39467.65269999999
26285.25,39526.51009999999
26278.5,39349.739299999994
26266.7,39056.5541
26266.7,38822.159100000004
26255.95,38558.4437
26254.35,38239.70360000001
26249.05,38165.03999999999
26243.35,37878.5501
26226.8,37733.2624
26215.7,37571.01419999999
26215.7,37396.0481
26215.7,37264.39339999999
26207.15,37057.53080000001
26207.15,36973.7327
26177.4,36660.567299999995
26177.25,36437.639299999995
26177.25,36252.2605
26156.35,36111.9158
26135.2,36022.6441
26135.2,35936.811700000006
26125.65,35737.832700000006
26135.9,35560.0237
26133.75,35480.608799999995
26133.05,35250.312099999996
26126.9,35130.7177
26126.9,34996.548
26123.85,34862.463800000005
26118.75,34734.985700000005
26113.05,34633.0464
26113.05,34639.9614
26113.05,34571.7116
26113.05,34599.5871
26113.05,34373.0127
26113.05,34343.864700000006
26108.75,34270.019400000005
26106.25,34067.915
26106.25,33866.809
26106.25,33764.7653
26081.0,33534.27019999999
26070.0,33370.304000000004
26057.05,33238.0891
26057.05,33075.9622
26057.05,32972.3925
26057.05,32855.781800000004
26055.1,32650.856899999995
26055.1,32572.1169
26055.1,32538.889499999997
26055.1,32637.211300000003
26050.8,32787.3354
26050.8,32910.101500000004
26048.15,32821.9528
26048.15,32898.801699999996
26048.15,32895.8834
26045.5,32872.7721
26045.5,32756.7434
26045.5,32730.2939
26041.2,32633.433499999996
26041.2,32439.019000000008
26041.2,32326.747700000007
26041.2,32184.053200000002
26041.2,32141.5934
26041.2,31953.68179999999
26041.2,31891.802399999997
26041.2,31888.445399999997
26041.2,31798.6148
26041.2,31804.3156
26041.2,31807.886199999997
26041.2,31709.275999999994
26041.2,31542.377099999994
26041.2,31456.591599999996
26022.35,31329.2627
26010.45,31214.219300000008
26010.45,31083.205999999995
26010.45,30961.1705
26008.7,31042.169100000006
25986.75,30876.325200000003
25985.55,30792.068099999997
25985.55,30713.715600000003
25985.55,30615.592599999996
25978.25,30558.259599999998
25966.35,30521.750699999997
25966.35,30457.1624
25966.35,30534.0218
25966.35,30428.735299999993
25966.35,30445.932099999998
25966.35,30464.3375
25949.1,30468.962799999998
25949.1,30471.93940000001
25949.1,30407.135499999997
25949.1,30240.675200000005
25949.1,30138.8284
25949.1,29988.646699999994
25949.1,30017.7102
25949.1,30038.858999999997
25949.1,30089.4585
25936.85,30099.193199999998
25924.95,30029.977800000004
25924.95,29884.4694
25924.95,29707.456199999997
25924.95,29630.196300000003
25924.95,29637.3581
25924.95,29510.500499999995
25920.65,29549.493200000004
25920.65,29419.97490000001
25920.65,29374.361100000002
25914.7,29430.396499999995
25914.7,29281.0715
25914.7,29183.1435
25914.7,28975.322200000002
25904.55,28809.053000000004
25904.55,28747.055599999992
25904.55,28639.5186
25904.55,28627.0498
25904.55,28599.346099999995
25904.55,28596.3456
25904.55,28474.788999999997
25904.55,28487.665800000006
25904.55,28483.6967
25904.55,28408.045499999997
25904.55,28364.5402
25904.4,28319.864299999997
25904.4,28405.9716
25904.4,28495.493399999996
25904.4,28481.2968
25903.0,28466.338
25903.0,28394.623499999998
25901.4,28343.284099999997
25901.4,28369.354799999994
25899.75,28343.955399999995
25899.75,28339.685600000004
25899.75,28500.458699999996
25899.75,28538.113
25899.75,28539.778499999997
25899.75,28544.9967
25899.75,28517.8537
25899.75,28569.9426
25899.75,28501.8825
25899.75,28501.624300000003
25899.75,28542.258400000002
25899.75,28480.9646
25899.75,28523.5039
25886.45,28499.175199999998
25886.45,28466.4407
25886.45,28468.443699999996
25882.15,28431.039899999996
25882.15,28400.9196
25882.15,28359.113299999997
25880.9,28376.846199999993
25880.9,28318.5646
25871.65,28360.1409
25869.9,28352.441100000004
25865.6,28370.876499999995
25865.6,28386.8703
25865.6,28308.734999999997
25865.6,28388.8537
25865.6,28331.229099999997
25864.2,28406.317999999992
25864.2,28395.618200000004
25864.2,28384.9663
25862.95,28335.529699999996
25862.95,28407.177300000003
25859.05,28444.878599999996
25859.05,28344.3239
25859.05,28285.9998
25859.05,28268.0642
25859.05,28230.849899999994
25858.15,28157.562599999997
25858.15,28118.833099999996
25858.15,28037.495699999992
25850.85,28027.555
25850.85,27996.857900000003
25850.85,27838.2122
25850.85,27846.023600000004
25850.85,27881.6699
25850.85,27922.316399999992
25850.85,28012.234799999995
25850.85,28021.275899999997
25850.85,28082.571500000002
25850.85,27993.9424
25850.85,28092.169200000004
25850.85,28119.9726
25850.85,28183.8709
25850.85,28193.7453
25850.85,28215.8335
25850.85,28326.055799999995
25850.85,28302.4775
25846.55,28200.0927
25846.55,28201.9379
25846.55,28171.851000000002
25846.55,28096.708200000005
25846.55,28133.543599999997
25846.55,28082.479
25846.55,28120.763200000005
25846.55,28063.262700000003
25846.55,28051.985799999995
25846.55,28040.303800000005
25846.55,28103.787099999998
25846.55,28090.080900000008
25846.55,28088.444599999995
25846.55,28034.953599999997
25846.55,27885.229700000004
25846.55,27862.2655
25846.55,27768.262699999992
25846.55,27752.965999999997
25846.55,27665.298000000003
25846.55,27640.467800000002
25846.55,27637.3352
25846.55,27692.191699999996
25846.55,27589.243300000002
25846.55,27442.9659
25846.55,27403.560100000002
25846.55,27440.509700000002
25846.55,27519.7757
25846.55,27548.725700000003
25846.55,27630.040800000006
25846.55,27645.356099999997
25846.55,27659.967999999993
25846.55,27666.816500000004
25846.55,27611.942499999997
25844.95,27649.6981
25844.95,27578.461100000004
25844.95,27498.706400000003
25844.95,27433.386300000002
25844.95,27367.390300000006
25844.95,27326.538800000002
25844.95,27268.1023
25844.95,27283.2923
25844.95,27370.542000000005
25844.95,27340.760799999996
25844.95,27396.4587
25844.95,27431.291599999997
25844.95,27440.990899999997
25844.95,27425.1288
25844.95,27366.1407
25844.8,27350.992600000005
25844.8,27295.2413
25844.8,27276.559
25844.8,27215.776
25844.8,27173.1766
25844.8,27057.685300000005
25844.8,27034.9281
25844.8,26992.613899999997
25844.8,26976.091299999993
25844.8,26908.499499999998
25844.8,26815.293499999992
25844.8,26782.927300000003
25844.8,26740.3343
25844.8,26732.399600000004
25844.8,26775.036699999997
25844.8,26814.410799999994
25844.8,26743.918400000006
25844.8,26794.345500000003
25844.8,26784.1945
25844.8,26760.022399999998
25844.8,26782.696000000004
25844.8,26822.104700000004
25844.8,26778.428599999996
25844.8,26849.0876
25844.8,26859.855600000003
25844.8,26912.509300000005
25844.8,26990.596099999995
25844.8,26948.022000000008
25844.8,27010.9326
25844.8,26997.085099999997
25844.8,26920.8948
25844.8,26887.7298
25844.8,26761.966800000002
25844.8,26703.881299999997
25844.8,26694.3217
25844.8,26717.349299999994
25844.8,26723.4685
25844.8,26718.7968
25844.8,26716.974599999994
25844.8,26724.010099999996
25844.8,26656.48939999999
25844.8,26636.4559
25844.8,26602.454099999995
25844.8,26641.5088
25844.8,26598.663700000005
25844.8,26612.495600000002
25844.8,26615.429200000002
25844.8,26661.9652
25840.5,26621.8391
25840.5,26639.149800000007
25840.5,26600.347900000004
25840.5,26632.491199999997
25840.5,26565.288899999996
25840.5,26536.6003
25840.5,26491.82409999999
25840.5,26528.4115
25840.5,26459.7402
25840.5,26439.47
25840.5,26355.5452
25840.5,26353.3534
25840.5,26361.261699999995
25840.5,26398.997199999994
25840.5,26322.016200000002
25840.5,26307.054200000002
25840.5,26270.799299999995
25840.5,26212.9639
25840.5,26172.865299999998
25840.5,26140.837
25840.5,26066.467999999997
25840.5,26041.318900000002
25840.5,26019.813100000003
25840.5,26029.3012
25840.5,26074.482200000002
25840.5,26103.693700000003
25840.5,26076.831699999995
25840.5,26092.808800000003
25840.5,26068.800000000003
25840.5,26062.350899999998
25840.5,26051.3487
25840.5,26076.283000000003
25840.5,26018.4588
25840.5,25990.841400000005
25840.5,25968.077899999997
25840.5,25950.240299999998
25840.5,25937.1769
25840.5,25936.5794
25840.5,25931.444299999996
25840.5,25944.7486
25840.5,25951.031400000003
25840.5,25930.8008
25840.5,25934.7624
25840.5,25953.693000000003
25840.5,25948.367299999998
25840.5,25948.0186
25840.5,25947.940799999993
25840.5,25943.3347
25840.5,25961.944900000006
25840.5,25966.575100000002
25840.5,25975.152599999994
25840.5,25996.8592
25840.5,25996.796500000004
25840.5,26003.571200000006
25840.5,26016.4633
25840.5,25998.883899999993
25840.5,26019.545599999998
25840.5,25992.2253
25840.5,25951.7734
25840.5,25955.2751
25840.5,25940.493999999995
25840.5,25944.0907
25840.5,25918.274799999996
25840.5,25938.077599999993
25840.5,25930.039299999997
25840.5,25949.9285
25840.5,25953.7926
25840.5,25929.7042
25840.5,25925.634299999998
25840.5,25929.880899999996
25840.5,25940.189399999996
25840.5,25932.763199999998
25840.5,25932.9036
25840.5,25945.833300000006
25840.5,25929.5331
25840.5,25919.419800000003
25840.5,25941.039399999998
25840.5,25934.662700000004
25840.5,25914.865699999995
25840.5,25930.000799999998
25840.5,25914.790200000003
25840.5,25941.733
25840.5,25933.5238
25840.5,25933.580800000003
25840.5,25926.757400000002
25840.5,25941.150100000003
25840.5,25921.285200000002
25840.5,25923.91150000001
25840.5,25917.3312
25840.5,25939.102699999996
25840.5,25916.759
25840.5,25941.328
25840.5,25936.6947
25840.5,25938.894700000004
25840.5,25933.0899
25840.5,25908.2805
25840.5,25927.037899999996
25840.5,25949.986899999996
25840.5,25927.4969
25840.5,25935.5797
25840.5,25933.484399999998
25840.5,25934.7602
25840.5,25925.642800000005
25840.5,25934.561800000003
25840.5,25916.087399999997
25840.5,25926.100599999998
25840.5,25924.187900000004
25840.5,25910.954399999995
25840.5,25927.891899999995
25840.5,25931.088999999996
25840.5,25926.917400000002
25840.5,25920.90540000001
25840.5,25922.893900000003
25840.5,25911.284099999997
25840.5,25921.674999999996
25840.5,25918.067900000005
25840.5,25927.201900000004
25840.5,25928.094000000005
25840.5,25917.471599999997
25840.5,25928.5131
25840.5,25916.809200000003
25840.5,25943.4804
25840.5,25921.021199999996
25840.5,25924.6725
25840.5,25926.588199999995
25840.5,25942.561
25840.5,25934.076000000005
25840.5,25931.186400000002
25840.5,25915.861
25840.5,25919.923500000004
25840.5,25920.886000000002
25840.5,25936.4015
25840.5,25930.2286
25840.5,25923.623400000004
25840.5,25913.240799999992
25840.5,25906.824399999998
25840.5,25918.592300000004
25840.5,25937.765499999998
25840.5,25947.537000000004
25840.5,25928.265499999998
25840.5,25924.2165
25840.5,25919.7961
25840.5,25911.780600000002
25840.5,25931.554
25840.5,25942.3034
25840.5,25923.8666
25840.5,25925.576999999997
25840.5,25916.1791
25840.5,25929.741699999995
25840.5,25918.6007
25840.5,25922.473099999996
25840.5,25917.5934
25840.5,25925.101999999995
25840.5,25922.0702
25840.5,25910.6901
25840.5,25931.767999999996
25840.5,25927.0864
25840.5,25926.3279
25840.5,25964.9793
25840.5,25927.8344
25840.5,25923.3482
25840.5,25929.915999999997
25840.5,25893.6619
25840.5,25910.2992
25840.5,25892.738299999994
25840.5,25920.3453
25840.5,25908.6207
25840.5,25901.8113
25840.5,25904.6776
25840.5,25885.1575
25840.5,25895.7134
25840.5,25905.911999999997
25840.5,25914.936599999997
25840.5,25896.894200000002
25840.5,25918.6222
25840.5,25918.1409
25840.5,25909.193099999997
25840.5,25903.078
25840.5,25910.046799999996
25840.5,25926.041299999997
25840.5,25893.1193
25840.5,25899.276
25840.5,25908.4625
25840.5,25912.499100000005
25840.5,25896.835700000003
25840.5,25917.390299999995
25840.5,25897.605299999996
25840.5,25901.1775
25840.5,25901.7134
25840.5,25933.518299999996
25840.5,25908.2905
25840.5,25911.1961
25840.5,25891.370700000007
25840.5,25912.391100000004
25840.5,25910.426700000004
25840.5,25903.723899999997
25840.5,25907.5772
25840.5,25920.258500000007
25840.5,25900.5731
25840.5,25907.4511
25840.5,25896.6322
25840.5,25903.2491
25840.5,25903.793800000003
25840.5,25890.923499999997
25840.5,25911.1229
25840.5,25890.678099999997
25840.5,25916.4673
25840.5,25908.4815
25840.5,25908.9392
25840.5,25903.783799999997
25840.5,25900.2043
25840.5,25904.4116
25840.5,25908.2287
25840.5,25901.9241
25840.5,25895.916900000004
25840.5,25919.1066
25840.5,25897.125099999997
25840.5,25911.1959
25840.5,25902.5976
25840.5,25900.673400000003
25840.5,25897.8071
25840.5,25900.349299999998
25840.5,25902.928300000003
25840.5,25885.560800000003
25840.5,25883.5502
25840.5,25905.211199999998
25840.5,25897.1566
25840.5,25907.563799999996
25840.5,25914.3073
25840.5,25909.624599999992
25840.5,25906.7207
25840.5,25909.083599999998
25840.5,25903.836799999997
25840.5,25925.196100000005
25840.5,25898.756400000002
25840.5,25899.6682
25840.5,25897.403200000004
25840.5,25899.093400000005
25840.5,25905.042400000006
25840.5,25911.2039
25840.5,25912.706199999997
25840.5,25883.937900000008
25840.5,25901.8692
25840.5,25914.3314
25840.5,25902.0696
25840.5,25899.430900000003
25840.5,25906.569300000006
25840.5,25904.858799999998
25840.5,25905.1592
25840.5,25914.726300000002
25840.5,25895.540900000004
25840.5,25904.0464
25840.5,25902.2906
25840.5,25904.4597
25840.5,25915.225899999998
25840.5,25892.311699999995
25840.5,25912.6023
25840.5,25905.1327
25840.5,25901.884500000004
25840.5,25902.428599999996
25840.5,25902.4708
25840.5,25898.0942
25840.5,25925.688899999994
25840.5,25913.931
25840.5,25905.129599999997
25840.5,25902.929599999996
25840.5,25914.757800000007
25840.5,25891.4639
25840.5,25897.074300000004
25840.5,25883.032300000003
25840.5,25913.266300000003
25840.5,25900.1916
25840.5,25901.853
25840.5,25907.755100000002
25840.5,25905.213000000003
25840.5,25912.137600000002
25840.5,25881.014000000003
25840.5,25901.772100000002
25840.5,25899.8405
25840.5,25924.172199999997
25840.5,25910.2533
25840.5,25902.1022
25840.5,25905.721900000004
25840.5,25898.2838
25840.5,25898.4738
25840.5,25906.414999999997
25840.5,25898.759300000005
25840.5,25903.756
25840.5,25906.5939
25840.5,25906.822699999997
25840.5,25901.6181
25840.5,25890.347500000003
25840.5,25896.3108
25840.5,25902.1762
25840.5,25894.1209
25840.5,25900.765000000003
25840.5,25904.991400000003
25840.5,25894.070100000004
25840.5,25906.875600000007
25840.5,25895.065500000004
25840.5,25909.202400000002
25840.5,25904.174100000004
25840.5,25899.958
25840.5,25892.474500000004
25840.5,25909.838599999995
25840.5,25900.350700000003
25840.5,25893.138100000004
25840.5,25904.1114
25840.5,25912.9273
25840.5,25900.927100000004
25840.5,25899.2603
25840.5,25894.4048
25840.5,25907.641
25840.5,25890.8336
25840.5,25908.785399999997
25840.5,25896.153100000003
25840.5,25896.616099999996
25840.5,25887.649699999998
25840.5,25899.0099
25840.5,25903.5436
25840.5,25905.580700000006
25840.5,25910.2637
25840.5,25917.5082
25840.5,25898.199
25840.5,25895.6886
25840.5,25915.4617
25840.5,25904.619799999993
25840.5,25906.8802
25840.5,25888.958300000002
25840.5,25890.256199999996
25840.5,25899.5455
25840.5,25911.4222
25840.5,25906.0585
25840.5,25899.998799999994
25840.5,25910.111800000002
25840.5,25917.9666
25840.5,25894.8263
25840.5,25911.5677
25840.5,25897.847700000002
25840.5,25908.428999999996
25840.5,25892.8908
25840.5,25885.801
25840.5,25898.427000000003
25840.5,25878.4495
25840.5,25906.171499999997
25840.5,25902.4982
25840.5,25904.563899999994
25840.5,25913.457100000003
25840.5,25900.887500000004
25840.5,25911.459300000002
25840.5,25899.523400000002
25840.5,25903.1528
25840.5,25900.2805
25840.5,25910.6284
25840.5,25910.965300000003
25840.5,25894.435199999996
25840.5,25918.592299999997
25840.5,25906.396999999997
25840.5,25903.245399999993
25840.5,25899.4519
25840.5,25910.3326
25840.5,25904.704900000004
25840.5,25904.1687
25840.5,25903.904300000002
25840.5,25904.8303
25840.5,25914.778599999998
25840.5,25894.847200000004
25840.5,25898.390900000002
25840.5,25906.823399999997
25840.5,25904.0063
25840.5,25903.261800000004
25840.5,25909.5898
25840.5,25909.9008
25840.5,25889.46050000001
25840.5,25900.0185
25840.5,25895.336300000003
25840.5,25904.742799999996
25840.5,25913.1491
25840.5,25915.6478
25840.5,25917.692099999997
25840.5,25891.749399999997
25840.5,25910.688299999998
25840.5,25914.600899999998
25840.5,25925.5293
25840.5,25902.873700000004
25840.5,25895.744500000004
25840.5,25893.8829
25840.5,25914.840500000006
25840.5,25901.198800000006
25840.5,25906.1882
25840.5,25907.2186
25840.5,25899.246699999996
25840.5,25913.744799999997
25840.5,25904.702100000002
25840.5,25901.326999999997
25840.5,25896.5611
25840.5,25913.8491
25840.5,25890.8046
25840.5,25918.2386
25840.5,25900.327699999998
25840.5,25908.2859
25840.5,25901.635699999995
25840.5,25908.3857
25840.5,25915.8184
25840.5,25901.668900000008
25840.5,25892.492699999995
25840.5,25896.9393
25840.5,25907.6568
25840.5,25911.2459
25840.5,25905.874500000005
25840.5,25888.5978
25840.5,25911.943600000002
25840.5,25904.3848
25840.5,25901.2125
25840.5,25899.3531
25840.5,25890.682800000002
25840.5,25886.4179
25840.5,25899.395599999996
25840.5,25914.4166
25840.5,25893.845599999993
25840.5,25884.783600000002
25840.5,25903.515099999997
25840.5,25909.7925
25840.5,25894.472499999996
25840.5,25904.9087
25840.5,25905.409999999996
25840.5,25895.486999999997
25840.5,25896.029899999998
25840.5,25915.9097
25840.5,25908.3143
25840.5,25897.124499999998
25840.5,25900.038500000002
25840.5,25912.516799999994
25840.5,25888.787700000004
25840.5,25887.6484
25840.5,25928.590700000004
25840.5,25911.617000000002
25840.5,25908.446900000003
25840.5,25910.238599999997
25840.5,25899.6249
25840.5,25909.326800000003
25840.5,25907.5464
25840.5,25918.0367
25840.5,25907.3409
25840.5,25900.8856
25840.5,25889.8739
25840.5,25904.5655
25840.5,25909.2
25840.5,25919.1261
25840.5,25920.163200000003
25840.5,25910.4159
25840.5,25901.2827
25840.5,25903.7725
25840.5,25916.1474
25840.5,25914.700999999997
25840.5,25898.575300000004
25840.5,25915.504300000004
25840.5,25904.983200000002
25840.5,25927.9187
25840.5,25907.166299999997
25840.5,25889.211300000003
25840.5,25897.548600000002
25840.5,25905.329200000004
25840.5,25900.6313
25840.5,25898.7846
25840.5,25898.999300000003
25840.5,25923.52
25840.5,25881.240999999998
25840.5,25911.850400000003
25840.5,25902.615500000004
25840.5,25909.684600000004
25840.5,25906.184
25840.5,25887.3184
25840.5,25900.4742
25840.5,25898.2998
25840.5,25903.9928
25840.5,25918.9891
25840.5,25914.584199999994
25840.5,25914.430800000006
25840.5,25898.9411
25840.5,25893.616
25840.5,25907.6298
25840.5,25896.6479
25840.5,25906.7048
25840.5,25898.410199999995
25840.5,25916.148999999998
25840.5,25912.315899999998
25840.5,25889.6365
25840.5,25903.268599999992
25840.5,25910.449799999995
25840.5,25907.939599999994
25840.5,25901.1841
25840.5,25909.791800000003
25840.5,25914.287900000003
25840.5,25890.800799999994
25840.5,25911.452400000002
25840.5,25903.0158
25840.5,25906.608500000002
25840.5,25897.5409
25840.5,25900.5522
25840.5,25917.4875
25840.5,25890.251000000004
25840.5,25895.9273
25840.5,25889.1479
25840.5,25916.419700000002
25840.5,25895.6728
25840.5,25890.642799999998
25840.5,25916.8479
25840.5,25901.8674
25840.5,25893.1996
25840.5,25908.370000000003
25840.5,25903.221599999997
25840.5,25919.0379
25840.5,25909.8347
25840.5,25900.714099999997
25840.5,25890.26099999999
25840.5,25901.6881
25840.5,25892.840800000005
25840.5,25908.6534
25840.5,25891.6076
25840.5,25889.106999999996
25840.5,25889.692
25840.5,25901.687
25840.5,25907.66019999999
25840.5,25922.822199999995
25840.5,25895.4091
25840.5,25906.6849
25840.5,25918.5318
25840.5,25903.471400000002
25840.5,25891.318699999996
25840.5,25906.138
25840.5,25918.2566
25840.5,25907.989000000005
25840.5,25900.923899999994
25840.5,25916.009400000003
25840.5,25899.966099999998
25840.5,25896.0964
25840.5,25896.2566
25840.5,25902.623700000004
25840.5,25907.9893
25840.5,25904.405099999996
25840.5,25913.928300000003
25840.5,25911.598099999996
25840.5,25901.159799999998
25840.5,25919.091300000004
25840.5,25897.529099999996
25840.5,25907.7001
25840.5,25900.475499999997
25840.5,25909.437100000003
25840.5,25895.880899999996
25840.5,25897.864700000002
25840.5,25907.0909
25840.5,25907.364499999996
25840.5,25918.9526
25840.5,25906.001900000003
25840.5,25912.6826
25840.5,25893.0324
25840.5,25892.842700000005
25840.5,25903.160699999997
25840.5,25901.992300000005
25840.5,25900.105699999996
25840.5,25887.6233
25840.5,25908.633700000002
25840.5,25898.318399999996
25840.5,25901.023900000004
25840.5,25924.885700000006
25840.5,25904.576100000002
25840.5,25900.750600000003
25840.5,25906.840299999996
25840.5,25909.276899999993
25840.5,25916.735500000003
25840.5,25915.148
25840.5,25909.177200000002
25840.5,25912.3955
25840.5,25907.275700000002
25840.5,25917.166999999994
25840.5,25903.650100000003
25840.5,25905.1055
25840.5,25904.1053
25840.5,25900.7178
25840.5,25899.0991
25840.5,25902.276
25840.5,25908.5685
25840.5,25904.1702
25840.5,25905.516299999996
25840.5,25907.969900000004
25840.5,25894.852999999996
25840.5,25906.4657
25840.5,25907.827299999997
25840.5,25902.037900000003
25840.5,25896.012400000003
25840.5,25898.927499999998
25840.5,25898.315199999997
25840.5,25906.927300000003
25840.5,25911.012
25840.5,25888.745
25840.5,25905.9724
25840.5,25893.478899999995
25840.5,25907.8692
25840.5,25898.5957
25840.5,25908.747800000005
25840.5,25896.852399999996
25840.5,25922.6689
25840.5,25898.301
25840.5,25910.946000000004
25840.5,25886.059499999996
25840.5,25898.889000000003
25840.5,25907.751599999996
25840.5,25894.7603
