BestFitnessMean,AverageFitnessMean
50779.05,87879.06409999999
47366.15,78182.01859999998
41732.6,70564.23649999998
38392.75,64405.5875
36275.45,59224.42130000001
34843.75,54757.16829999998
33528.85,50902.3263
32675.95,47874.47440000001
31594.55,45498.7284
30764.0,43832.189
30150.65,42355.9722
29666.0,41059.0232
29143.85,40020.320400000004
28660.7,39135.941399999996
28394.25,38262.80870000001
27994.15,37471.72129999999
27636.6,36733.5104
27348.0,35893.047000000006
27137.45,35169.3961
26958.25,34380.5077
26860.05,33717.828499999996
26695.3,33066.4591
26619.6,32579.696000000004
26541.85,32085.589000000007
26406.75,31653.668599999994
26338.35,31244.4565
26286.45,30945.454799999996
26229.95,30441.027400000003
26180.8,30097.0956
26154.45,29747.747599999995
26110.4,29526.1985
26084.2,29201.6671
26046.75,28811.063600000005
26033.85,28397.422400000003
26033.7,28162.5212
26028.55,27909.658000000003
26028.55,27673.950299999997
26018.65,27506.1261
26018.65,27456.4663
26018.65,27351.969100000006
26018.65,27104.642499999998
26016.65,26975.733500000002
26002.45,26846.975
26002.45,26901.9451
26002.3,26841.251899999996
25992.3,26805.4674
25986.7,26822.8801
25977.1,26807.659999999996
25977.1,26784.913099999994
25977.1,26767.872499999998
25963.95,26750.2952
25963.95,26773.5686
25963.95,26830.1657
25963.95,26756.8744
25963.95,26574.2897
25963.95,26608.782799999997
25959.65,26575.3663
25955.2,26452.1066
25955.2,26332.8901
25955.2,26363.241100000003
25955.2,26377.1353
25953.8,26398.3415
25953.8,26424.781100000004
25953.8,26402.459000000003
25953.8,26256.485999999997
25952.4,26283.638
25952.4,26286.107000000007
25952.4,26342.459899999998
25952.4,26272.779
25950.65,26254.077900000004
25950.65,26295.494199999997
25950.65,26238.733400000005
25950.65,26118.909200000002
25950.65,26039.242100000003
25933.8,26052.033600000002
25933.8,26066.5067
25933.8,26072.6555
25932.4,26114.969600000004
25932.4,26235.1156
25932.25,26214.7118
25932.25,26190.414200000003
25932.25,26124.656000000006
25932.25,26164.279599999998
25932.25,26216.113800000003
25932.25,26182.469200000007
25932.25,26124.391300000003
25932.25,25993.1227
25932.25,25986.008199999997
25932.25,25993.371600000002
25914.2,25991.902899999997
25902.3,25994.133899999993
25902.3,26018.90549999999
25902.3,26022.9832
25902.3,26034.3886
25902.3,26038.200300000004
25898.0,26079.935599999997
25898.0,26071.039500000003
25898.0,26011.8309
25898.0,26006.067999999996
25898.0,26021.681200000006
25886.1,26059.748400000004
25886.1,26105.7763
25886.1,26119.417900000004
25886.1,26077.7324
25886.1,26016.6794
25869.55,26055.001600000003
25869.55,26097.368599999994
25869.55,26177.068300000006
25869.55,26129.3599
25869.55,26142.4335
25869.55,26129.318700000003
25869.55,26063.143399999997
25869.55,25940.8785
25869.55,25920.2547
25869.55,25949.110699999997
25869.55,25939.197900000003
25869.55,25922.903200000004
25869.55,25942.961499999998
25869.55,25927.2539
25869.55,25929.4994
25869.55,25955.915099999995
25869.55,25940.039300000004
25869.55,25941.970300000004
25869.55,25940.7777
25869.55,25936.7421
25869.55,25930.821800000005
25865.25,25924.516900000002
25865.25,25946.026100000003
25865.25,25923.086600000002
25865.25,25941.856600000003
25865.25,25940.1835
25865.25,25915.419200000004
25865.25,25932.2706
25865.25,25951.107900000003
25865.25,25924.215099999998
25865.25,25937.8927
25865.25,25923.7293
25865.25,25927.1756
25865.25,25922.336300000003
25865.25,25926.356000000003
25865.25,25917.924999999996
25865.25,25924.9865
25865.25,25921.145299999996
25865.25,25938.639300000003
25865.25,25926.9232
25865.25,25933.379999999997
25865.25,25926.462900000006
25865.25,25946.6667
25865.25,25925.2407
25865.25,25922.784400000004
25865.25,25913.664099999998
25865.25,25921.2462
25865.25,25940.5906
25865.25,25925.639399999996
25865.25,25952.533199999998
25865.25,25938.461600000002
25865.25,25918.393600000003
25865.25,25928.202300000004
25865.25,25938.0233
25865.25,25924.880899999996
25865.25,25936.801499999998
25865.25,25932.3234
25865.25,25932.0183
25865.25,25940.7616
25865.25,25930.153299999998
25865.25,25930.771
25865.25,25934.9436
25865.25,25938.105900000002
25865.25,25921.8814
25865.25,25938.734999999997
25865.25,25934.870000000003
25865.25,25946.205600000005
25865.25,25934.5498
25865.25,25930.440399999996
25865.25,25929.6239
25865.25,25936.392
25865.25,25920.0271
25865.25,25929.110599999993
25865.25,25925.080500000004
25865.25,25922.4674
25865.25,25936.6917
25865.25,25923.313199999997
25865.25,25936.5673
25857.05,25926.807299999997
25857.05,25912.011399999996
25857.05,25918.1652
25857.05,25928.464499999995
25857.05,25923.660699999993
25857.05,25915.798600000002
25857.05,25915.302000000003
25857.05,25923.644
25857.05,25910.806499999995
25857.05,25921.998600000003
25857.05,25904.395799999995
25857.05,25921.980900000002
25857.05,25920.206400000003
25857.05,25920.032199999998
25857.05,25905.4906
25857.05,25933.247599999995
25857.05,25919.345100000002
25857.05,25930.348899999994
25857.05,25929.915800000002
25857.05,25930.8554
25857.05,25918.818400000004
25857.05,25915.403599999998
25857.05,25918.7144
25857.05,25925.3492
25857.05,25918.6249
25857.05,25926.957799999996
25857.05,25910.2654
25857.05,25924.165299999997
25857.05,25920.328199999996
25857.05,25917.0599
25857.05,25913.9035
25857.05,25899.065199999994
25857.05,25924.0693
25857.05,25919.941100000004
25857.05,25924.215300000003
25857.05,25924.274400000006
25857.05,25936.427299999996
25857.05,25905.486600000004
25857.05,25907.751900000003
25857.05,25904.138400000003
25857.05,25922.042999999998
25857.05,25928.910900000006
25857.05,25908.4144
25857.05,25914.631100000002
25857.05,25911.483200000002
25857.05,25919.225999999995
25857.05,25931.446500000002
25857.05,25918.3238
25857.05,25918.8596
25857.05,25932.3304
25857.05,25912.047300000006
25857.05,25917.508099999992
25857.05,25912.316499999997
25852.75,25920.835
25852.75,25926.86430000001
25852.75,25921.9545
25852.75,25920.590900000003
25852.75,25964.522699999998
25852.75,25974.657000000007
25852.75,25990.9266
25852.75,25988.8675
25852.75,25986.9385
25852.75,26000.226199999997
25852.75,25907.0705
25852.75,25932.0264
25852.75,25913.1925
25852.75,25927.8531
25852.75,25898.8675
25852.75,25909.2587
25852.75,25921.5951
25852.75,25921.8182
25852.75,25929.450599999993
25852.75,25915.1211
25852.75,25908.0562
25852.75,25910.869499999997
25852.75,25910.877400000005
25852.75,25919.363
25852.75,25921.3095
25852.75,25915.729899999995
25852.75,25912.019500000006
25852.75,25917.8204
25852.75,25921.3925
25852.75,25917.9131
25852.75,25913.57
25852.75,25926.8831
25852.75,25918.5688
25852.75,25927.2355
25852.75,25919.4902
25852.75,25914.184400000002
25852.75,25925.8675
25852.75,25913.0783
25852.75,25918.030999999995
25852.75,25909.8671
25852.75,25917.506699999998
25852.75,25928.138200000005
25852.75,25929.544499999996
25852.75,25902.0101
25852.75,25903.649999999998
25852.75,25912.7773
25852.75,25916.268200000006
25852.75,25932.585000000003
25852.75,25925.8975
25852.75,25923.487
25852.75,25921.54
25852.75,25898.957199999997
25852.75,25909.381599999997
25852.75,25912.05
25852.75,25906.41939999999
25852.75,25912.8678
25852.75,25925.1063
25852.75,25904.7848
25852.75,25902.7471
25852.75,25921.1263
25852.75,25931.663000000004
25852.75,25918.0715
25852.75,25901.5351
25852.75,25917.8342
25852.75,25915.277899999997
25852.75,25915.40430000001
25852.75,25909.7459
25852.75,25942.0403
25852.75,25923.0686
25852.75,25926.429500000006
25852.75,25917.524100000002
25852.75,25939.839799999994
25852.75,25911.769300000004
25852.75,25916.8358
25852.75,25908.391000000003
25852.75,25916.4147
25852.75,25892.3163
25852.75,25910.2265
25852.75,25911.446700000008
25852.75,25906.1862
25852.75,25918.1913
25852.75,25917.091800000002
25852.75,25901.8035
25852.75,25916.674300000006
25852.75,25919.486999999997
25852.75,25901.473700000002
25852.75,25916.1642
25852.75,25907.842699999997
25852.75,25921.0862
25852.75,25909.1592
25852.75,25915.7727
25852.75,25903.3671
25852.75,25934.4506
25852.75,25913.310000000005
25852.75,25911.107299999996
25852.75,25932.8386
25852.75,25914.390400000004
25852.75,25923.7403
25852.75,25912.5296
25852.75,25923.912500000002
25852.75,25910.3389
25852.75,25917.210499999997
25852.75,25934.876500000002
25852.75,25919.427499999998
25852.75,25917.5143
25852.75,25919.5371
25852.75,25920.2186
25852.75,25925.332800000004
25852.75,25917.953400000006
25852.75,25918.717500000002
25852.75,25924.8655
25852.75,25908.4346
25852.75,25928.264900000002
25852.75,25921.2891
25852.75,25908.9524
25852.75,25919.9171
25852.75,25912.788399999998
25852.75,25914.9921
25852.75,25911.9648
25852.75,25901.3784
25852.75,25916.9259
25852.75,25904.8912
25852.75,25908.255900000004
25852.75,25942.658900000002
25852.75,25917.9115
25852.75,25907.0424
25852.75,25899.3712
25852.75,25921.6512
25852.75,25921.3584
25852.75,25908.194799999997
25852.75,25913.933399999998
25852.75,25929.006
25852.75,25922.482299999996
25852.75,25921.444499999998
25852.75,25906.565200000005
25852.75,25919.5812
25852.75,25901.830500000004
25852.75,25915.238399999995
25852.75,25921.0
25852.75,25906.386399999996
25852.75,25913.8953
25852.75,25911.887899999998
25852.75,25928.379800000002
25852.75,25910.811500000003
25852.75,25921.659600000003
25852.75,25911.294899999997
25852.75,25919.306900000003
25852.75,25920.220800000003
25852.75,25913.0642
25852.75,25905.502400000005
25852.75,25914.4801
25852.75,25918.1597
25852.75,25900.576500000003
25852.75,25920.8273
25852.75,25930.3991
25852.75,25904.4217
25852.75,25925.925600000002
25852.75,25927.976399999996
25852.75,25913.7877
25852.75,25923.674999999996
25852.75,25919.626500000006
25852.75,25904.898600000004
25852.75,25908.250999999997
25852.75,25913.746300000003
25852.75,25915.5512
25852.75,25916.9059
25852.75,25921.2031
25852.75,25913.434
25852.75,25917.871400000004
25852.75,25909.0368
25852.75,25911.504999999997
25852.75,25905.6513
25852.75,25923.315300000002
25852.75,25936.570399999997
25852.75,25921.165699999994
25852.75,25919.7545
25852.75,25913.255599999997
25852.75,25933.682500000003
25852.75,25925.0878
25852.75,25930.870799999997
25852.75,25918.035299999996
25852.75,25902.225000000002
25852.75,25917.253099999994
25852.75,25908.972699999995
25852.75,25919.690500000004
25852.75,25918.6082
25852.75,25930.783499999998
25852.75,25916.464700000004
25852.75,25907.535900000003
25852.75,25929.726300000002
25852.75,25916.468399999998
25852.75,25904.707000000002
25852.75,25907.352899999994
25852.75,25909.829600000005
25852.75,25925.873000000007
25852.75,25918.668200000004
25852.75,25913.6669
25852.75,25911.455100000006
25852.75,25914.095799999992
25852.75,25902.6868
25852.75,25917.8571
25852.75,25908.0915
25852.75,25926.481099999997
25852.75,25916.1408
25852.75,25920.5875
25852.75,25929.739400000002
25852.75,25908.614299999997
25852.75,25901.0261
25852.75,25931.0741
25852.75,25918.2876
25852.75,25918.3099
25852.75,25928.9238
25852.75,25895.384800000003
25852.75,25916.442799999997
25852.75,25906.419499999996
25852.75,25923.833399999996
25852.75,25921.6621
25852.75,25905.2236
25852.75,25904.9718
25852.75,25912.576
25852.75,25910.779599999998
25852.75,25910.600799999997
25852.75,25930.9977
25852.75,25901.796000000002
25852.75,25906.155199999997
25852.75,25925.670899999997
25852.75,25934.0526
25852.75,25912.312400000003
25852.75,25900.8581
25852.75,25917.262000000002
25852.75,25909.2324
25852.75,25908.1714
25852.75,25916.076200000003
25852.75,25924.862999999994
25852.75,25940.2679
25852.75,25898.14
25852.75,25911.6145
25852.75,25914.881799999996
25852.75,25919.0806
25852.75,25907.8646
25852.75,25931.785499999994
25852.75,25922.929099999998
25852.75,25918.4707
25852.75,25906.601
25852.75,25921.647499999995
25852.75,25912.086000000003
25852.75,25924.2035
25852.75,25920.7777
25852.75,25921.944
25852.75,25909.2572
25852.75,25904.175199999998
25852.75,25910.809799999995
25852.75,25905.6699
25852.75,25926.496
25852.75,25918.148299999997
25852.75,25915.990599999997
25852.75,25911.205599999994
25852.75,25919.1416
25852.75,25893.96050000001
25852.75,25910.656
25852.75,25914.3004
25852.75,25917.3308
25852.75,25914.084199999998
25852.75,25917.3615
25852.75,25910.0403
25852.75,25921.907
25852.75,25934.3484
25852.75,25920.437700000002
25852.75,25923.535599999996
25852.75,25926.593599999997
25852.75,25926.765600000002
25852.75,25895.345500000003
25852.75,25917.109399999998
25852.75,25902.308900000004
25852.75,25937.029399999992
25852.75,25921.0498
25852.75,25930.920300000005
25852.75,25921.4985
25852.75,25916.250099999997
25852.75,25922.889099999997
25852.75,25917.9516
25852.75,25925.818100000004
25852.75,25934.362199999996
25852.75,25929.224100000003
25852.75,25929.717799999995
25852.75,25913.407499999994
25852.75,25912.6081
25852.75,25908.335
25852.75,25917.730700000004
25852.75,25914.1745
25852.75,25919.5958
25852.75,25938.8398
25852.75,25926.018799999998
25852.75,25931.8068
25852.75,25900.6432
25852.75,25903.134899999997
25852.75,25916.0429
25852.75,25909.8707
25852.75,25904.1646
25852.75,25914.262200000005
25852.75,25914.4794
25852.75,25909.717599999996
25852.75,25924.0702
25852.75,25916.695000000003
25852.75,25923.537600000003
25852.75,25920.5691
25852.75,25927.0455
25852.75,25914.187
25852.75,25906.9594
25852.75,25922.1562
25852.75,25901.268
25852.75,25913.388899999998
25852.75,25921.798199999997
25852.75,25924.703100000002
25852.75,25928.6461
25852.75,25908.105099999997
25852.75,25914.245499999997
25852.75,25919.0608
25852.75,25915.3537
25852.75,25915.5296
25852.75,25927.271299999997
25852.75,25904.315800000004
25852.75,25917.6319
25852.75,25927.007099999995
25852.75,25927.4937
25852.75,25923.9796
25852.75,25915.054999999997
25852.75,25920.793800000007
25852.75,25918.1662
25852.75,25910.716299999996
25852.75,25928.3847
25852.75,25915.1453
25852.75,25922.8239
25852.75,25909.5555
25852.75,25922.336300000003
25852.75,25907.699500000002
25852.75,25905.8111
25852.75,25925.6479
25852.75,25913.225399999996
25852.75,25916.659900000006
25852.75,25918.057499999995
25852.75,25915.7692
25852.75,25919.566400000003
25852.75,25907.941
25852.75,25905.2148
25852.75,25910.1078
25852.75,25902.559500000003
25852.75,25927.241099999996
25852.75,25915.591899999996
25852.75,25917.248399999997
25852.75,25898.0594
25852.75,25922.7493
25852.75,25920.425799999997
25852.75,25920.566400000003
25852.75,25917.4508
25852.75,25911.862700000005
25852.75,25914.863600000004
25852.75,25908.083000000002
25852.75,25908.3446
25852.75,25915.341299999993
25852.75,25912.617700000003
25852.75,25920.0164
25852.75,25901.621099999997
25852.75,25918.6327
25852.75,25918.413099999998
25852.75,25911.1524
25852.75,25925.5976
25852.75,25923.0366
25852.75,25925.4871
25852.75,25918.683100000002
25852.75,25920.0372
25852.75,25927.948699999997
25852.75,25907.995700000003
25852.75,25914.6777
25852.75,25926.9468
25852.75,25917.7511
25852.75,25915.2376
25852.75,25916.133899999997
25852.75,25912.922800000008
25852.75,25907.033000000003
25852.75,25923.028700000003
25852.75,25911.516599999995
25852.75,25918.4433
25852.75,25908.125099999997
25852.75,25938.3633
25852.75,25916.064699999995
25852.75,25924.078400000002
25852.75,25924.5958
25852.75,25909.912999999997
25852.75,25921.609900000003
25852.75,25912.987399999995
25852.75,25904.319800000005
25852.75,25916.475
25852.75,25914.1109
25852.75,25904.973699999995
25852.75,25936.120799999997
25852.75,25910.0639
25852.75,25911.3332
25852.75,25926.4444
25852.75,25935.2125
25852.75,25932.8807
25852.75,25919.317300000002
25852.75,25921.6636
25852.75,25921.115099999995
25852.75,25918.769800000002
25852.75,25905.9289
25852.75,25925.568999999996
25852.75,25921.2972
25852.75,25919.019800000002
25852.75,25922.911400000005
25852.75,25907.211600000002
25852.75,25913.1478
25852.75,25904.5324
25852.75,25921.7041
25852.75,25926.1941
25852.75,25910.1522
25852.75,25920.855299999996
25852.75,25916.0606
25852.75,25934.2175
25852.75,25923.762799999997
25852.75,25914.688899999997
25852.75,25919.912099999998
25852.75,25903.6806
25852.75,25910.7651
25852.75,25923.254200000003
25852.75,25926.5191
25852.75,25905.101700000003
25852.75,25916.7657
25852.75,25915.1874
25852.75,25917.206500000004
25852.75,25938.6134
25852.75,25922.490599999997
25852.75,25920.993000000002
25852.75,25920.7223
25852.75,25918.0991
25852.75,25909.422300000002
25852.75,25921.468500000003
25852.75,25913.2742
25852.75,25921.6282
25852.75,25919.187
25852.75,25916.696
25852.75,25901.5568
25852.75,25921.619299999995
25852.75,25920.6513
25852.75,25919.1713
25852.75,25928.554799999994
25852.75,25907.705
25852.75,25915.069199999998
25852.75,25918.6022
25852.75,25891.416299999997
25852.75,25931.074699999997
25852.75,25921.861499999995
25852.75,25935.5605
25852.75,25912.077500000003
25852.75,25930.884700000002
25852.75,25921.3209
25852.75,25910.9713
25852.75,25918.039000000004
25852.75,25917.6845
25852.75,25907.407199999998
25852.75,25920.4274
25852.75,25919.268
25852.75,25914.858900000003
25852.75,25922.310800000007
25852.75,25920.431799999995
25852.75,25922.518
25852.75,25919.035699999993
25852.75,25923.786700000004
25852.75,25904.5614
25852.75,25913.2423
25852.75,25930.0782
25852.75,25916.5309
25852.75,25899.5254
25852.75,25919.448299999996
25852.75,25913.962399999997
25852.75,25930.6284
25852.75,25908.718
25852.75,25920.2979
25852.75,25905.8142
25852.75,25929.4256
25852.75,25921.5516
25852.75,25905.7228
25852.75,25911.2915
25852.75,25920.1808
25852.75,25919.303099999997
25852.75,25900.991499999996
25852.75,25913.683899999996
25852.75,25913.970600000004
25852.75,25923.4055
25852.75,25912.356499999998
25852.75,25911.139900000002
25852.75,25928.0738
25852.75,25923.094900000004
25852.75,25913.934
25852.75,25929.4961
25852.75,25916.1875
25852.75,25935.227499999997
25852.75,25936.205299999998
25852.75,25905.2385
25852.75,25904.679500000002
25852.75,25935.2109
25852.75,25927.372599999995
25852.75,25905.247400000004
25852.75,25928.492799999996
25852.75,25913.990200000004
25852.75,25931.6359
25852.75,25917.2323
25852.75,25925.6188
25852.75,25913.779399999996
25852.75,25920.5606
25852.75,25921.661400000005
25852.75,25910.5803
25852.75,25907.4172
25852.75,25932.9644
25852.75,25907.325799999995
25852.75,25914.8177
25852.75,25915.8438
25852.75,25928.810399999995
25852.75,25911.828100000002
25852.75,25934.2078
25852.75,25912.8351
25852.75,25921.861600000004
25852.75,25928.503300000004
25852.75,25907.9981
25852.75,25908.513100000004
25852.75,25920.214399999997
25852.75,25909.385699999995
25852.75,25920.831
25852.75,25925.819600000006
25852.75,25925.7259
25852.75,25910.024499999996
25852.75,25947.6215
25852.75,25916.3819
25852.75,25919.3088
25852.75,25909.696900000003
25852.75,25927.531999999996
25852.75,25918.152400000003
25852.75,25916.710000000003
25852.75,25923.4505
25852.75,25924.592200000003
25852.75,25924.481600000006
25852.75,25925.957199999997
25852.75,25935.519500000002
25852.75,25916.5322
25852.75,25927.522900000004
25852.75,25925.019799999995
25852.75,25937.129699999998
25852.75,25909.3278
25852.75,25941.1446
25852.75,25923.494400000003
25852.75,25908.287
25852.75,25904.7097
25852.75,25906.2418
25852.75,25911.800300000003
25852.75,25919.307500000003
25852.75,25906.0201
25852.75,25912.589499999995
25852.75,25912.4677
25852.75,25907.736400000005
25852.75,25925.382300000005
25852.75,25915.711900000002
25852.75,25922.5768
25852.75,25909.367700000003
25852.75,25914.9141
25852.75,25937.891499999998
25852.75,25913.790399999998
25852.75,25929.120600000002
25852.75,25902.5741
25852.75,25923.9822
25852.75,25924.707199999997
25852.75,25917.249000000003
25852.75,25925.450700000005
25852.75,25928.685100000002
25852.75,25914.158700000004
25852.75,25910.776700000006
25852.75,25905.391900000002
25852.75,25903.480400000004
25852.75,25942.980800000005
25852.75,25917.687299999998
25852.75,25925.8811
25852.75,25911.8487
25852.75,25909.921800000004
25852.75,25922.8376
25852.75,25903.732799999994
25852.75,25914.984000000004
25852.75,25927.840099999998
25852.75,25902.552400000004
25852.75,25908.930200000003
25852.75,25911.2976
25852.75,25910.841900000003
25852.75,25919.150799999996
25852.75,25924.020899999996
25852.75,25914.676799999997
25852.75,25924.914800000002
25852.75,25908.6852
25852.75,25911.4101
25852.75,25929.808499999996
25852.75,25928.64930000001
25852.75,25904.002899999996
25852.75,25926.1598
25852.75,25912.682600000004
25852.75,25910.290199999996
25852.75,25921.929299999996
25852.75,25908.836100000004
25852.75,25920.382000000005
25852.75,25922.1503
25852.75,25922.885099999996
25852.75,25914.162800000002
25852.75,25921.618
25852.75,25919.4257
25852.75,25929.991500000004
25852.75,25920.4778
25852.75,25921.1318
25852.75,25911.182399999998
25852.75,25921.545900000005
25852.75,25909.949900000003
25852.75,25901.740700000002
25852.75,25929.745199999998
25852.75,25907.1335
25852.75,25910.8478
25852.75,25903.9774
25852.75,25925.1323
25852.75,25923.9183
25852.75,25915.154
25852.75,25910.546099999996
25852.75,25912.611799999995
25852.75,25920.140399999997
25852.75,25927.638199999998
25852.75,25919.593399999998
25852.75,25914.052700000007
25852.75,25917.045900000005
25852.75,25924.843899999996
25852.75,25928.0249
25852.75,25921.316899999994
25852.75,25909.1219
25852.75,25897.7672
25852.75,25918.0084
25852.75,25926.050800000005
25852.75,25918.002500000002
25852.75,25911.437500000004
25852.75,25925.3991
25852.75,25927.362
25852.75,25923.624000000003
25852.75,25931.6007
25852.75,25908.4413
25852.75,25928.182799999995
25852.75,25900.9508
25852.75,25908.170099999996
25852.75,25920.507100000003
25852.75,25919.134500000007
25852.75,25922.401999999995
25852.75,25926.0031
25852.75,25912.626199999995
25852.75,25906.9692
25852.75,25908.142099999997
25852.75,25906.5519
25852.75,25917.119800000004
25852.75,25914.683699999998
25852.75,25912.522000000004
25852.75,25905.933299999997
25852.75,25927.306699999997
25852.75,25919.264799999997
25852.75,25919.431600000004
25852.75,25925.816800000004
25852.75,25909.677399999997
25852.75,25902.1145
25852.75,25910.614200000004
25852.75,25922.6064
25852.75,25918.061999999998
25852.75,25913.3639
25852.75,25932.677300000003
25852.75,25917.650699999995
25852.75,25911.096700000002
25852.75,25921.0029
25852.75,25915.013799999997
25852.75,25915.723100000003
25852.75,25929.7124
25852.75,25911.3868
25852.75,25932.107900000003
25852.75,25931.5534
25852.75,25905.510600000005
25852.75,25911.924000000003
25852.75,25920.132699999995
25852.75,25907.219300000004
25852.75,25924.7612
25852.75,25924.352900000005
25852.75,25896.823199999995
25852.75,25926.5726
25852.75,25909.7042
25852.75,25931.427200000002
25852.75,25920.686800000003
25852.75,25915.016500000005
25852.75,25907.938400000003
25852.75,25904.172400000003
25852.75,25904.998099999997
25852.75,25920.208599999994
25852.75,25922.271499999995
25852.75,25927.433
25852.75,25910.993599999998
25852.75,25915.376899999996
25852.75,25918.0154
25852.75,25918.2015
25852.75,25922.3191
25852.75,25926.817799999997
25852.75,25905.751900000007
25852.75,25910.7804
25852.75,25912.673900000005
25852.75,25915.5902
25852.75,25911.201999999997
25852.75,25899.3449
25852.75,25927.2424
25852.75,25900.179200000002
25852.75,25922.635499999997
25852.75,25938.3495
25852.75,25924.6953
25852.75,25940.928399999997
25852.75,25905.076100000002
25852.75,25913.979199999994
25852.75,25903.836499999998
25852.75,25911.0785
25852.75,25922.516600000003
25852.75,25915.6173
25852.75,25935.537
25852.75,25908.485599999996
25852.75,25921.843299999997
25852.75,25912.3968
25852.75,25927.0375
25852.75,25910.5611
25852.75,25940.497000000003
25852.75,25921.302900000002
25852.75,25916.0188
25852.75,25916.291
25852.75,25920.450600000004
25852.75,25921.4788
25852.75,25899.456500000004
25852.75,25933.1853
25852.75,25916.261599999998
25852.75,25902.5412
25852.75,25904.203400000006
25852.75,25928.308299999997
25852.75,25913.037200000002
25852.75,25912.238100000002
25852.75,25921.7633
25852.75,25925.1844
25852.75,25922.198500000006
25852.75,25919.5764
25852.75,25913.134299999998
25852.75,25915.650200000007
25852.75,25915.6691
25852.75,25910.3097
25852.75,25927.0689
25852.75,25922.682699999998
25852.75,25914.797400000003
25852.75,25934.2064
25852.75,25918.261100000003
25852.75,25920.1644
25852.75,25914.514499999997
25852.75,25900.140700000004
25852.75,25911.8588
25852.75,25898.382600000004
25852.75,25927.9318
25852.75,25925.6483
25852.75,25916.924300000002
25852.75,25916.4499
