BestFitnessMean,AverageFitnessMean
53004.65,87893.8378
47282.0,78354.53649999999
42456.35,71181.03640000001
39192.15,65147.7574
36820.2,60038.6855
35162.2,55449.8693
33602.25,51345.7952
32659.55,48220.86839999999
31707.95,46093.37739999999
30421.95,44418.2587
29936.15,42705.56010000001
29199.7,41364.7039
28670.95,40104.0495
28414.75,39115.914899999996
27887.6,38156.26500000001
27725.7,37450.065599999994
27460.15,36677.0581
27268.55,36084.6944
27083.9,35260.0264
26900.9,34686.5838
26754.85,34121.3051
26643.45,33333.01729999999
26558.55,32771.1973
26456.95,32046.9212
26379.15,31394.2472
26336.35,30935.3359
26288.8,30647.776300000005
26259.0,30288.934700000005
26212.75,29945.308500000003
26156.65,29649.660299999996
26137.15,29471.398999999994
26067.6,29103.323300000007
26030.4,28810.758400000002
26018.25,28598.0782
25995.75,28215.63850000001
25981.6,27954.289499999995
25963.35,27851.992000000006
25963.2,27836.6189
25949.35,27676.183599999997
25943.8,27462.068099999997
25933.6,27468.6411
25932.0,27432.434199999996
25932.0,27380.797599999998
25911.35,27323.0924
25899.3,27296.5538
25899.15,27251.6598
25894.85,27352.4438
25890.55,27318.484099999994
25860.25,27306.468199999996
25860.1,27012.818399999996
25860.1,26924.339099999994
25855.65,26850.642600000003
25855.65,26859.390699999996
25855.65,26791.980300000003
25855.65,26793.706800000004
25855.65,26640.490899999997
25851.85,26528.4263
25851.85,26499.106900000002
25851.85,26522.5257
25851.85,26460.884700000002
25851.85,26538.090600000003
25851.7,26457.167399999995
25851.7,26295.057899999996
25851.7,26280.343700000005
25851.7,26221.980500000005
25851.7,26285.033999999996
25851.7,26254.647399999998
25851.7,26291.3936
25851.7,26275.6708
25851.7,26253.944800000005
25851.7,26187.969699999998
25851.7,26159.470999999998
25851.7,26168.815
25851.7,26171.293899999997
25851.7,26177.371900000002
25851.7,26155.288099999998
25846.7,26178.411299999992
25846.7,26219.236799999995
25846.7,26215.594700000005
25846.7,26187.617599999998
25842.4,26186.52620000001
25842.4,26229.761100000003
25842.4,26247.275499999996
25842.4,26202.3718
25842.4,26300.3381
25842.4,26354.1904
25842.4,26451.9114
25842.4,26440.0458
25842.4,26488.695300000003
25842.4,26408.078499999996
25842.4,26237.403100000003
25842.25,26180.700699999998
25842.25,26194.3339
25842.25,26173.3958
25842.25,26202.145200000003
25842.25,26167.018999999997
25842.25,26176.3476
25842.25,26157.0224
25842.25,26145.455200000004
25842.25,26171.458199999997
25842.25,26192.332499999997
25842.25,26170.4672
25842.25,26210.791699999998
25842.25,26201.3427
25842.25,26165.735899999996
25842.25,26180.810999999998
25842.25,26173.621700000003
25842.25,26195.9873
25842.25,26202.798900000005
25842.25,26198.2425
25842.25,26173.829199999996
25842.25,26196.0112
25842.25,26189.442
25842.25,26194.5352
25842.25,26207.6071
25842.25,26173.800600000006
25842.25,26161.0198
25842.25,26203.4202
25842.25,26160.439700000003
25842.25,26188.2485
25842.25,26201.6922
25842.25,26182.0994
25842.25,26153.311900000008
25842.25,26185.325999999994
25842.25,26180.489400000002
25842.25,26165.351000000002
25842.25,26168.070499999994
25842.25,26186.3396
25842.25,26240.248600000003
25842.25,26230.6607
25842.25,26227.0892
25842.25,26219.300199999998
25842.25,26196.1646
25842.25,26219.2053
25842.25,26201.223099999996
25842.25,26151.0841
25842.25,26158.139699999996
25842.25,26165.637800000004
25842.25,26142.406399999996
25842.25,26184.856000000003
25842.25,26158.302000000003
25842.25,26185.6426
25842.25,26159.4927
25842.25,26182.900100000003
25842.25,26185.768999999997
25842.25,26195.6652
25842.25,26207.481899999995
25842.25,26146.0285
25842.25,26172.628299999997
25842.25,26163.6991
25842.25,26170.3602
25842.25,26210.630499999996
25842.25,26178.66049999999
25842.25,26154.8696
25842.25,26174.296499999997
25842.25,26190.8498
25842.25,26195.1359
25842.25,26184.9392
25842.25,26194.9459
25842.25,26152.832700000003
25842.25,26139.400400000002
25842.25,26174.293700000002
25842.25,26163.316
25842.25,26172.326200000003
25842.25,26145.027700000002
25842.25,26191.887000000002
25842.25,26178.368699999995
25842.25,26164.0465
25842.25,26160.5398
25842.25,26184.183999999994
25842.25,26123.151800000003
25842.25,26171.1552
25842.25,26175.4922
25842.25,26163.1622
25842.25,26165.161699999997
25842.25,26170.107700000008
25842.25,26160.151600000005
25842.25,26149.000100000005
25842.25,26158.5073
25842.25,26166.5122
25842.25,26135.687500000007
25842.25,26147.3737
25842.25,26133.517500000005
25842.25,26160.541200000003
25842.25,26202.873799999998
25842.25,26166.756999999994
25842.25,26146.1516
25842.25,26145.2405
25842.25,26154.513400000003
25842.25,26128.115100000003
25842.25,26147.782
25842.25,26143.3139
25842.25,26159.504699999998
25842.25,26097.143499999995
25842.25,26120.445099999994
25842.25,26170.1988
25842.25,26207.6138
25842.25,26180.3748
25842.25,26164.693699999996
25842.25,26139.8509
25842.25,26153.304
25842.25,26181.187599999997
25842.25,26191.2651
25842.25,26159.494699999996
25842.25,26217.001399999997
25842.25,26145.446000000004
25842.25,26167.673900000005
25842.25,26156.474599999994
25842.25,26138.683900000007
25842.25,26151.5008
25842.25,26165.9
25842.25,26152.4698
25842.25,26175.838200000006
25842.25,26134.4927
25842.25,26155.322099999998
25842.25,26185.354200000005
25842.25,26200.623700000004
25842.25,26165.8879
25842.25,26152.824
25842.25,26186.661
25842.25,26179.629599999997
25842.25,26141.229
25842.25,26158.944900000002
25842.25,26171.451
25842.25,26160.8678
25842.25,26156.3999
25842.25,26201.667500000003
25842.25,26159.315799999997
25842.25,26151.5364
25842.25,26170.928
25842.25,26189.798700000003
25842.25,26132.415
25842.25,26162.540399999998
25842.25,26128.3552
25842.25,26172.435700000005
25842.25,26168.8915
25842.25,26132.639600000002
25842.25,26186.4239
25842.25,26161.2243
25842.25,26176.789200000003
25842.25,26176.446500000002
25842.25,26194.293900000004
25842.25,26139.837900000002
25842.25,26140.1484
25842.25,26185.138999999996
25842.25,26179.830500000004
25842.25,26151.783600000002
25842.25,26174.8777
25842.25,26185.119999999995
25842.25,26149.9606
25842.25,26146.577899999997
25842.25,26138.2667
25842.25,26164.4797
25842.25,26158.4736
25842.25,26128.6201
25842.25,26165.038600000007
25842.25,26163.979400000004
25842.25,26152.407
25842.25,26173.565300000006
25842.25,26162.8255
25842.25,26131.393399999997
25842.25,26141.9777
25842.25,26150.8341
25842.25,26189.094600000004
25842.25,26149.889600000002
25842.25,26183.686500000003
25842.25,26135.8437
25842.25,26195.3734
25842.25,26170.421799999993
25842.25,26139.989599999994
25842.25,26118.8949
25842.25,26173.322200000002
25842.25,26152.7091
25842.25,26192.1548
25842.25,26125.5014
25842.25,26149.291299999997
25842.25,26152.906800000004
25842.25,26185.632000000005
25842.25,26146.47980000001
25842.25,26147.607799999994
25842.25,26179.745000000003
25842.25,26170.832999999995
25842.25,26195.353000000006
25842.25,26185.502700000005
25842.25,26135.2
25842.25,26168.2469
25842.25,26133.5118
25842.25,26184.994799999997
25842.25,26159.018900000003
25842.25,26144.0537
25842.25,26161.548000000003
25842.25,26126.647900000004
25842.25,26173.922000000002
25842.25,26181.158600000002
25842.25,26183.0528
25842.25,26150.777100000003
25842.25,26154.4212
25842.25,26123.769600000003
25842.25,26189.394200000002
25842.25,26148.7299
25842.25,26154.143799999998
25842.25,26157.591600000007
25842.25,26143.796200000004
25842.25,26175.529700000006
25842.25,26154.028700000003
25842.25,26119.6658
25842.25,26178.5261
25842.25,26167.811999999998
25842.25,26164.446600000003
25842.25,26178.7094
25842.25,26171.8859
25842.25,26147.422000000002
25842.25,26158.386400000003
25842.25,26152.5916
25842.25,26192.8349
25842.25,26162.8688
25842.25,26155.0968
25842.25,26136.724899999997
25842.25,26146.172700000003
25842.25,26158.344700000005
25842.25,26166.448299999996
25842.25,26183.241899999997
25842.25,26142.1049
25842.25,26162.178300000003
25842.25,26172.214200000002
25842.25,26197.2788
25842.25,26177.5098
25842.25,26164.7073
25842.25,26168.109900000003
25842.25,26176.4725
25842.25,26160.695900000002
25842.25,26169.653499999993
25842.25,26168.1284
25842.25,26145.132399999995
25842.25,26159.625300000003
25842.25,26173.868400000003
25842.25,26165.8598
25842.25,26170.988700000005
25842.25,26189.7335
25842.25,26173.190400000003
25842.25,26149.8621
25842.25,26159.4202
25842.25,26149.3096
25842.25,26119.2879
25842.25,26164.6686
25842.25,26166.065
25842.25,26185.207799999996
25842.25,26174.745199999998
25842.25,26148.214600000003
25842.25,26179.614899999993
25842.25,26150.2348
25842.25,26159.944300000003
25842.25,26162.624100000005
25842.25,26164.310300000005
25842.25,26155.8868
25842.25,26146.2694
25842.25,26164.4199
25842.25,26162.3561
25842.25,26164.221899999997
25842.25,26131.5879
25842.25,26161.6601
25842.25,26142.443300000003
25842.25,26148.8229
25842.25,26175.205800000003
25842.25,26159.5839
25842.25,26172.9959
25842.25,26172.858
25842.25,26185.782
25842.25,26175.429399999997
25842.25,26164.032799999997
25842.25,26182.769699999997
25842.25,26149.673300000002
25842.25,26203.2408
25842.25,26164.817700000003
25842.25,26146.5232
25842.25,26167.8878
25842.25,26174.863799999996
25842.25,26168.3027
25842.25,26178.7777
25842.25,26159.128900000003
25842.25,26124.585
25842.25,26180.943199999998
25842.25,26161.947299999996
25842.25,26144.7984
25842.25,26212.893299999996
25842.25,26167.1598
25842.25,26168.624799999998
25842.25,26135.668599999997
25842.25,26194.756700000005
25842.25,26153.519200000002
25842.25,26165.2235
25842.25,26132.058500000003
25842.25,26172.097800000003
25842.25,26159.801499999998
25842.25,26150.975000000002
25842.25,26153.677
25842.25,26159.4198
25842.25,26152.1435
25842.25,26150.836399999997
25842.25,26163.0504
25842.25,26204.1351
25842.25,26162.912299999993
25842.25,26155.929099999998
25842.25,26186.9683
25842.25,26201.3679
25842.25,26155.2541
25842.25,26160.010499999997
25842.25,26156.532199999998
25842.25,26149.571700000004
25842.25,26159.5553
25842.25,26194.708300000002
25842.25,26141.203500000003
25842.25,26126.9037
25842.25,26178.449100000005
25842.25,26155.4964
25842.25,26160.683700000005
25842.25,26163.3286
25842.25,26195.9526
25842.25,26143.2278
25842.25,26147.114200000004
25842.25,26166.8094
25842.25,26189.322799999998
25842.25,26151.700899999993
25842.25,26155.7033
25842.25,26153.762199999997
25842.25,26146.139499999997
25842.25,26158.875200000002
25842.25,26166.536199999995
25842.25,26132.1719
25842.25,26148.0955
25842.25,26164.409900000002
25842.25,26136.2979
25842.25,26185.056600000004
25842.25,26161.572400000005
25842.25,26196.967699999997
25842.25,26195.301399999997
25842.25,26135.040199999996
25842.25,26166.409099999997
25842.25,26125.6799
25842.25,26164.623099999997
25842.25,26188.480299999992
25842.25,26152.984600000003
25842.25,26167.707100000007
25842.25,26180.700300000004
25842.25,26126.458
25842.25,26201.5058
25842.25,26149.7588
25842.25,26191.003400000005
25842.25,26149.2942
25842.25,26192.292500000003
25842.25,26132.320699999997
25842.25,26144.127299999996
25842.25,26175.385
25842.25,26174.232
25842.25,26136.0429
25842.25,26180.8867
25842.25,26164.967200000003
25842.25,26178.047300000002
25842.25,26154.601800000004
25842.25,26164.766600000003
25842.25,26117.004
25842.25,26173.8419
25842.25,26195.984899999996
25842.25,26167.060400000002
25842.25,26207.3865
25842.25,26167.6414
25842.25,26195.8883
25842.25,26145.2359
25842.25,26188.267999999996
25842.25,26157.159600000003
25842.25,26214.498499999998
25842.25,26165.6515
25842.25,26156.294999999995
25842.25,26136.796800000004
25842.25,26188.104499999994
25842.25,26139.625300000003
25842.25,26153.293599999997
25842.25,26153.100100000003
25842.25,26140.467599999996
25842.25,26169.351000000002
25842.25,26179.2919
25842.25,26206.0327
25842.25,26186.2595
25842.25,26146.2765
25842.25,26142.957300000002
25842.25,26179.768799999998
25842.25,26166.38360000001
25842.25,26157.4914
25842.25,26186.991700000002
25842.25,26163.8962
25842.25,26153.629100000002
25842.25,26151.760400000003
25842.25,26176.891
25842.25,26166.6674
25842.25,26130.149299999997
25842.25,26147.952699999998
25842.25,26171.843
25842.25,26140.1039
25842.25,26166.141399999993
25842.25,26173.152999999995
25842.25,26178.877199999995
25842.25,26160.446699999993
25842.25,26160.7972
25842.25,26172.994499999993
25842.25,26190.248899999995
25842.25,26151.7916
25842.25,26142.6658
25842.25,26148.132999999998
25842.25,26152.0829
25842.25,26152.676
25842.25,26167.6256
25842.25,26195.938200000004
25842.25,26171.6697
25842.25,26142.838200000002
25842.25,26185.8965
25842.25,26185.8656
25842.25,26172.697300000003
25842.25,26157.4102
25842.25,26147.3685
25842.25,26131.116199999997
25842.25,26233.729500000005
25842.25,26166.9312
25842.25,26183.689099999996
25842.25,26138.104799999994
25842.25,26192.4153
25842.25,26162.721399999995
25842.25,26184.0855
25842.25,26192.8682
25842.25,26156.834500000004
25842.25,26181.318999999996
25842.25,26157.856300000003
25842.25,26144.9637
25842.25,26147.1212
25842.25,26143.34
25842.25,26153.7247
25842.25,26142.8767
25842.25,26160.8085
25842.25,26130.4416
25842.25,26178.655
25842.25,26174.338900000002
25842.25,26126.718399999998
25842.25,26170.9925
25842.25,26137.2585
25842.25,26145.9207
25842.25,26188.3716
25842.25,26169.340300000003
25842.25,26166.2356
25842.25,26174.2007
25842.25,26149.6603
25842.25,26185.8267
25842.25,26155.399
25842.25,26145.655300000002
25842.25,26163.6219
25842.25,26158.331699999995
25842.25,26169.833300000002
25842.25,26206.205200000004
25842.25,26157.946299999996
25842.25,26131.506899999997
25842.25,26144.6268
25842.25,26136.818600000002
25842.25,26135.8614
25842.25,26169.828400000002
25842.25,26153.872
25842.25,26204.0784
25842.25,26166.012200000005
25842.25,26198.823800000002
25842.25,26150.676900000002
25842.25,26135.6114
25842.25,26128.6232
25842.25,26152.336200000005
25842.25,26164.917299999994
25842.25,26163.0818
25842.25,26208.547
25842.25,26194.597799999996
25842.25,26145.903500000004
25842.25,26194.1152
25842.25,26183.9455
25842.25,26138.390600000002
25842.25,26137.1216
25842.25,26162.909099999997
25842.25,26178.148200000003
25842.25,26175.642299999996
25842.25,26118.823500000002
25842.25,26213.7805
25842.25,26173.0155
25842.25,26178.459300000006
25842.25,26129.6072
25842.25,26187.2188
25842.25,26172.951699999998
25842.25,26148.023699999998
25842.25,26186.9221
25842.25,26163.1674
25842.25,26151.806000000004
25842.25,26171.9988
25842.25,26178.3214
25842.25,26167.068900000002
25842.25,26152.9548
25842.25,26164.483
25842.25,26169.1267
25842.25,26149.1184
25842.25,26137.161200000002
25842.25,26167.461
25842.25,26153.748400000004
25842.25,26170.117199999997
25842.25,26131.531899999998
25842.25,26177.876599999996
25842.25,26136.813500000004
25842.25,26153.0906
25842.25,26164.8568
25842.25,26173.2059
25842.25,26184.041699999998
25842.25,26133.4271
25842.25,26171.345800000003
25842.25,26162.090999999997
25842.25,26160.149699999998
25842.25,26151.451699999998
25842.25,26116.7954
25842.25,26170.9834
25842.25,26183.314600000005
25842.25,26183.9119
25842.25,26169.284600000003
25842.25,26138.349200000004
25842.25,26164.677499999998
25842.25,26150.888399999996
25842.25,26157.583700000003
25842.25,26173.296599999994
25842.25,26182.2416
25842.25,26176.758200000004
25842.25,26191.455200000004
25842.25,26200.731900000002
25842.25,26155.371099999997
25842.25,26164.3093
25842.25,26151.5524
25842.25,26179.7617
25842.25,26172.9248
25842.25,26160.7871
25842.25,26181.5054
25842.25,26157.5663
25842.25,26169.1405
25842.25,26147.0247
25842.25,26167.233300000004
25842.25,26131.401099999992
25842.25,26180.2855
25842.25,26159.086900000002
25842.25,26139.480000000003
25842.25,26167.058299999997
25842.25,26163.7016
25842.25,26154.040200000003
25842.25,26148.824200000003
25842.25,26144.1966
25842.25,26189.485500000003
25842.25,26162.4606
25842.25,26186.2547
25842.25,26180.906400000003
25842.25,26162.084600000002
25842.25,26173.118699999995
25842.25,26128.81029999999
25842.25,26120.546500000004
25842.25,26168.0375
25842.25,26151.183899999996
25842.25,26167.0822
25842.25,26183.588199999995
25842.25,26153.654200000004
25842.25,26185.085400000004
25842.25,26134.085600000002
25842.25,26141.879399999998
25842.25,26155.1255
25842.25,26156.791399999995
25842.25,26147.980100000008
25842.25,26170.1001
25842.25,26173.5657
25842.25,26144.294799999996
25842.25,26187.947600000007
25842.25,26150.8779
25842.25,26153.598399999995
25842.25,26156.5312
25842.25,26120.016799999998
25842.25,26184.993799999997
25842.25,26152.0677
25842.25,26163.435900000004
25842.25,26167.312800000007
25842.25,26185.562700000002
25842.25,26153.623100000004
25842.25,26139.7708
25842.25,26164.650000000005
25842.25,26191.024299999997
25842.25,26163.6806
25842.25,26200.606900000006
25842.25,26167.0588
25842.25,26149.7188
25842.25,26161.3514
25842.25,26184.9538
25842.25,26160.5537
25842.25,26131.9836
25842.25,26139.0359
25842.25,26163.5179
25842.25,26156.2648
25842.25,26180.1611
25842.25,26158.7753
25842.25,26172.690800000004
25842.25,26137.131
25842.25,26162.181699999994
25842.25,26138.5892
25842.25,26170.7918
25842.25,26146.992600000005
25842.25,26190.112699999994
25842.25,26184.7407
25842.25,26163.820499999994
25842.25,26172.0796
25842.25,26192.567600000002
25842.25,26141.403299999998
25842.25,26140.5651
25842.25,26192.1662
25842.25,26168.266699999996
25842.25,26178.0046
25842.25,26156.973400000003
25842.25,26148.367999999995
25842.25,26189.438899999997
25842.25,26191.672099999996
25842.25,26193.031199999998
25842.25,26138.8407
25842.25,26188.350099999996
25842.25,26196.1344
25842.25,26164.525100000003
25842.25,26192.758099999995
25842.25,26168.523500000003
25842.25,26149.986599999997
25842.25,26152.51949999999
25842.25,26163.7991
25842.25,26153.908100000004
25842.25,26146.4792
25842.25,26176.1025
25842.25,26173.6266
25842.25,26156.7656
25842.25,26213.915500000003
25842.25,26168.3483
25842.25,26152.8454
25842.25,26145.592399999998
25842.25,26183.652000000002
25842.25,26146.364300000005
25842.25,26166.192399999993
25842.25,26195.2122
25842.25,26178.935600000008
25842.25,26141.884599999998
25842.25,26139.0823
25842.25,26150.959699999992
25842.25,26189.764199999998
25842.25,26127.40369999999
25842.25,26174.9622
25842.25,26156.2961
25842.25,26145.7683
25842.25,26198.5899
25842.25,26158.666699999998
25842.25,26145.141399999997
25842.25,26180.2414
25842.25,26160.192499999994
25842.25,26147.5103
25842.25,26183.9367
25842.25,26173.051499999994
25842.25,26179.7201
25842.25,26194.7489
25842.25,26157.2814
25842.25,26148.189099999996
25842.25,26149.515099999997
25842.25,26164.978900000002
25842.25,26151.696500000002
25842.25,26152.7088
25842.25,26184.448299999996
25842.25,26163.814999999995
25842.25,26157.761000000002
25842.25,26180.319299999996
25842.25,26158.399400000002
25842.25,26194.990899999997
25842.25,26165.626500000006
25842.25,26186.050899999995
25842.25,26144.528099999996
25842.25,26163.966900000003
25842.25,26181.781000000006
25842.25,26218.8434
25842.25,26135.4551
25842.25,26164.8087
25842.25,26159.1276
25842.25,26135.2017
25842.25,26168.7811
25842.25,26218.100199999997
25842.25,26208.425500000005
25842.25,26161.771700000005
25842.25,26165.4471
25842.25,26167.533699999996
25842.25,26182.8213
25842.25,26183.368599999994
25842.25,26157.5206
25842.25,26160.450699999998
25842.25,26189.259700000002
25842.25,26199.237599999997
25842.25,26197.326999999997
25842.25,26144.2131
25842.25,26160.842
25842.25,26174.072700000004
25842.25,26186.312900000008
25842.25,26129.7874
25842.25,26175.457700000006
25842.25,26169.3674
25842.25,26141.888899999998
25842.25,26181.1527
25842.25,26141.3015
25842.25,26172.399200000007
25842.25,26124.1181
25842.25,26219.486200000003
25842.25,26177.6443
25842.25,26179.360000000004
25842.25,26152.5855
25842.25,26167.8143
25842.25,26165.291100000002
25842.25,26128.829
25842.25,26153.772000000004
25842.25,26150.028400000003
25842.25,26148.505799999995
25842.25,26152.0061
25842.25,26181.317900000002
25842.25,26184.577400000002
25842.25,26170.0746
25842.25,26157.266000000003
25842.25,26170.480300000003
25842.25,26192.9027
25842.25,26174.595600000004
25842.25,26145.8184
25842.25,26181.0244
25842.25,26163.186700000002
25842.25,26162.672499999997
25842.25,26179.278100000003
25842.25,26132.4284
25842.25,26135.031600000002
25842.25,26198.8854
25842.25,26155.7464
25842.25,26156.9272
25842.25,26155.2043
25842.25,26138.942699999996
25842.25,26177.602299999995
25842.25,26171.925200000005
25842.25,26144.5605
25842.25,26155.7135
25842.25,26152.9971
25842.25,26176.274299999997
25842.25,26158.644900000003
25842.25,26158.144599999996
25842.25,26191.0317
25842.25,26135.2287
25842.25,26170.660500000005
25842.25,26129.431300000004
25842.25,26170.111399999998
25842.25,26138.1506
25842.25,26166.2914
25842.25,26168.5298
25842.25,26172.56160000001
25842.25,26172.274800000003
25842.25,26158.995499999997
25842.25,26137.954100000003
25842.25,26166.131799999996
25842.25,26152.937400000003
25842.25,26174.6999
25842.25,26123.624399999997
25842.25,26144.823700000004
25842.25,26198.994400000003
25842.25,26174.746900000006
25842.25,26162.145599999996
25842.25,26164.462599999995
25842.25,26158.747799999997
25842.25,26156.0985
25842.25,26146.9904
25842.25,26159.0376
25842.25,26171.768200000002
25842.25,26164.3302
25842.25,26153.344000000005
25842.25,26161.360900000003
25842.25,26182.2604
25842.25,26161.687100000003
25842.25,26196.431
25842.25,26166.8002
25842.25,26155.9788
25842.25,26162.116799999996
25842.25,26157.1841
25842.25,26192.102599999995
25842.25,26148.9154
25842.25,26159.5041
25842.25,26180.6502
25842.25,26146.8764
25842.25,26175.0693
25842.25,26168.160200000002
25842.25,26184.725400000003
25842.25,26164.576100000002
25842.25,26159.7168
25842.25,26164.703800000003
25842.25,26144.014199999998
25842.25,26159.814000000006
25842.25,26140.394099999998
25842.25,26168.5075
25842.25,26191.468800000002
25842.25,26145.841699999997
25842.25,26177.948800000002
25842.25,26211.5003
25842.25,26139.3069
25842.25,26183.9593
25842.25,26156.079900000004
25842.25,26145.934599999997
25842.25,26189.6503
25842.25,26144.147399999998
25842.25,26152.678900000003
25842.25,26177.046400000003
25842.25,26172.869799999993
25842.25,26191.395900000007
25842.25,26196.180500000002
25842.25,26142.530099999996
25842.25,26153.8499
25842.25,26180.032799999997
25842.25,26139.103199999998
25842.25,26147.189700000003
25842.25,26186.885099999996
25842.25,26160.690599999998
25842.25,26162.2103
25842.25,26156.6134
25842.25,26164.6675
25842.25,26125.625000000004
25842.25,26137.849099999992
25842.25,26161.0751
25842.25,26176.16
25842.25,26138.838
25842.25,26190.457199999997
25842.25,26132.863400000002
25842.25,26124.466800000002
25842.25,26172.680800000006
25842.25,26162.119499999997
25842.25,26158.6348
25842.25,26169.829199999993
25842.25,26146.163300000004
25842.25,26169.3875
25842.25,26193.644500000002
25842.25,26154.7125
25842.25,26141.828600000004
25842.25,26167.9054
25842.25,26189.3997
25842.25,26196.2231
25842.25,26123.969
25842.25,26161.457300000002
25842.25,26169.577699999998
25842.25,26137.306900000003
25842.25,26179.3923
25842.25,26161.3341
25842.25,26141.6324
25842.25,26175.879999999997
25842.25,26175.6576
25842.25,26164.901299999998
25842.25,26166.887399999996
25842.25,26200.270400000005
25842.25,26134.215399999997
25842.25,26181.6849
25842.25,26179.1181
25842.25,26138.014600000002
25842.25,26157.603000000003
25842.25,26173.4774
25842.25,26169.6073
25842.25,26171.272399999998
25842.25,26160.1049
25842.25,26166.410600000003
25842.25,26172.5947
25842.25,26168.736000000004
25842.25,26161.351200000005
25842.25,26161.432699999998
25842.25,26144.1957
25842.25,26145.910699999997
25842.25,26150.2771
25842.25,26143.208899999998
25842.25,26154.039500000006
25842.25,26146.5721
25842.25,26205.6883
25842.25,26137.5417
25842.25,26170.007400000002
25842.25,26135.852399999996
25842.25,26176.188700000002
25842.25,26177.9444
25842.25,26166.396199999996
25842.25,26141.906500000005
25842.25,26142.4421
25842.25,26182.672400000003
25842.25,26146.3792
25842.25,26132.453400000002
25842.25,26166.3646
25842.25,26141.427499999998
25842.25,26168.4348
25842.25,26210.3448
25842.25,26203.930100000005
25842.25,26189.5017
25842.25,26145.423000000003
25842.25,26188.676000000003
25842.25,26168.2673
25842.25,26159.402599999998
25842.25,26129.577100000002
25842.25,26171.362600000004
25842.25,26130.121000000006
25842.25,26154.131399999995
