BestFitnessMean,AverageFitnessMean
52118.8,87660.31240000001
44774.8,74176.13450000001
39874.35,64531.80139999998
36970.4,57265.1172
35146.6,50966.159799999994
33395.2,46693.1921
31757.7,44140.13589999999
30593.1,42161.726899999994
29339.5,40343.947499999995
28641.4,38572.20509999999
28082.4,37084.2629
27494.2,35721.531800000004
27176.0,34717.376000000004
26883.9,33713.15090000001
26717.45,32777.2697
26553.3,32090.571500000002
26455.2,31394.712999999996
26402.1,30901.176499999994
26277.85,30382.108800000005
26201.2,29778.2994
26104.65,29599.6154
26032.55,29512.647999999997
26010.1,28891.516499999998
25977.5,28364.643900000003
25941.6,28243.723999999995
25918.95,28301.682099999998
25893.1,28390.8715
25893.1,28234.098099999992
25890.95,28051.143300000003
25874.6,27696.21390000001
25874.6,27283.5388
25874.6,27132.78
25874.6,27157.353099999997
25874.45,27015.228500000005
25874.45,26882.742800000007
25870.0,26839.516400000004
25870.0,26950.873100000004
25870.0,26909.484999999997
25870.0,27026.457100000007
25870.0,26875.0902
25870.0,26852.895600000007
25870.0,26753.693099999997
25870.0,26667.5168
25870.0,26713.3234
25851.15,26621.6659
25851.15,26637.145599999996
25851.15,26682.8385
25851.15,26664.092800000002
25851.15,26726.4462
25851.15,26671.589400000004
25851.15,26627.559900000004
25851.15,26651.851400000007
25851.15,26740.749400000008
25851.15,26626.783299999992
25851.15,26642.795000000002
25851.15,26670.301199999998
25851.15,26671.429300000007
25851.15,26656.7799
25851.15,26600.820700000004
25851.15,26562.956199999997
25851.15,26544.387199999997
25851.15,26522.2529
25851.15,26550.407900000002
25851.15,26511.835700000003
25851.0,26512.9277
25851.0,26487.2406
25851.0,26527.9608
25851.0,26547.2708
25851.0,26526.838299999996
25851.0,26488.9495
25851.0,26443.6697
25851.0,26504.312199999997
25851.0,26581.813299999998
25851.0,26523.9336
25851.0,26468.0921
25851.0,26497.282199999994
25851.0,26465.967800000002
25851.0,26504.1087
25851.0,26548.490400000002
25851.0,26539.1376
25851.0,26499.7104
25851.0,26546.094999999994
25851.0,26550.875100000005
25851.0,26536.570200000006
25851.0,26492.9963
25851.0,26542.027700000006
25851.0,26518.1842
25851.0,26530.399200000007
25851.0,26511.993599999994
25851.0,26540.542900000008
25851.0,26560.242299999994
25851.0,26533.3172
25851.0,26561.155500000004
25851.0,26536.932099999998
25851.0,26565.672800000008
25851.0,26516.51270000001
25851.0,26488.290999999997
25851.0,26503.4573
25851.0,26494.802200000006
25851.0,26541.241499999996
25851.0,26525.275299999998
25851.0,26566.0451
25851.0,26504.787900000003
25851.0,26518.491799999996
25851.0,26539.766599999995
25851.0,26534.156
25851.0,26459.200000000004
25851.0,26525.3441
25851.0,26557.469
25851.0,26503.4661
25851.0,26547.703100000002
25851.0,26483.692000000003
25851.0,26560.470900000004
25851.0,26484.593400000005
25851.0,26510.320900000002
25851.0,26491.799
25851.0,26564.8062
25851.0,26527.2774
25851.0,26548.862499999996
25851.0,26520.0473
25851.0,26531.0449
25851.0,26502.446700000008
25851.0,26471.6595
25851.0,26477.9279
25851.0,26502.9896
25851.0,26483.088900000002
25851.0,26514.7059
25851.0,26488.0544
25851.0,26514.581599999998
25851.0,26513.6446
25851.0,26498.7506
25851.0,26492.854899999995
25851.0,26552.341099999998
25851.0,26645.643299999996
25851.0,26459.6989
25851.0,26461.2299
25851.0,26504.5713
25851.0,26489.6491
25851.0,26564.019699999993
25851.0,26542.097799999996
25851.0,26517.0237
25851.0,26543.221500000003
25851.0,26523.959000000003
25851.0,26545.604099999997
25851.0,26493.1717
25851.0,26518.825900000003
25851.0,26539.026900000004
25851.0,26502.749499999998
25851.0,26446.688299999998
25851.0,26482.469699999998
25851.0,26542.816799999993
25851.0,26503.336
25851.0,26534.356099999997
25851.0,26524.179500000006
25851.0,26493.6457
25851.0,26483.7298
25851.0,26527.838
25851.0,26548.4527
25851.0,26501.7167
25851.0,26524.494599999998
25851.0,26487.04660000001
25851.0,26506.4457
25851.0,26450.859199999995
25851.0,26547.517099999997
25851.0,26495.527500000004
25851.0,26492.601100000007
25851.0,26503.118599999998
25851.0,26520.604
25851.0,26539.053200000002
25851.0,26513.165399999998
25851.0,26454.4481
25851.0,26484.082400000003
25851.0,26489.662699999997
25851.0,26470.5984
25851.0,26509.0173
25851.0,26481.721100000002
25851.0,26486.5039
25851.0,26498.782199999998
25851.0,26479.22
25851.0,26527.417399999995
25851.0,26502.9316
25851.0,26525.9761
25851.0,26512.971700000002
25851.0,26545.7478
25851.0,26516.8663
25851.0,26526.2247
25851.0,26552.938700000006
25851.0,26507.620100000007
25851.0,26552.7737
25851.0,26503.6957
25851.0,26510.875299999996
25851.0,26522.153699999995
25851.0,26506.379600000004
25851.0,26539.262200000005
25851.0,26515.2043
25851.0,26532.8309
25851.0,26565.989900000004
25851.0,26527.660999999993
25851.0,26510.262700000003
25851.0,26524.880800000003
25851.0,26494.927200000006
25851.0,26534.5192
25851.0,26558.914899999996
25851.0,26594.249499999998
25851.0,26505.7414
25851.0,26502.678200000002
25851.0,26490.108699999993
25851.0,26477.1798
25851.0,26535.6619
25851.0,26458.7847
25851.0,26491.0788
25851.0,26516.4428
25851.0,26525.7214
25851.0,26560.0115
25851.0,26544.9318
25851.0,26517.621700000007
25851.0,26491.537
25851.0,26513.7076
25851.0,26450.9179
25851.0,26498.6598
25851.0,26497.077500000003
25851.0,26538.560999999998
25851.0,26486.524199999996
25851.0,26552.5384
25851.0,26516.9544
25851.0,26517.459600000002
25851.0,26492.026400000002
25851.0,26521.600999999995
25851.0,26518.732500000002
25851.0,26482.0755
25851.0,26512.183800000006
25851.0,26500.642299999996
25851.0,26542.507800000003
25851.0,26484.16889999999
25851.0,26494.8587
25851.0,26544.523799999995
25851.0,26518.051300000003
25851.0,26511.837299999996
25851.0,26537.213099999994
25851.0,26541.1505
25851.0,26494.396399999998
25851.0,26486.183599999997
25851.0,26547.6723
25851.0,26484.8094
25851.0,26502.390900000006
25851.0,26492.289399999998
25851.0,26515.122199999994
25851.0,26554.609099999994
25851.0,26471.956600000005
25851.0,26473.5468
25851.0,26539.543800000003
25851.0,26490.3086
25851.0,26558.378500000003
25851.0,26519.114899999997
25851.0,26532.967299999997
25851.0,26512.216599999996
25851.0,26491.907300000003
25851.0,26521.376500000002
25851.0,26555.6287
25851.0,26482.195699999993
25851.0,26496.585900000005
25851.0,26491.4881
25851.0,26470.307899999996
25851.0,26516.6932
25851.0,26543.8473
25851.0,26524.801300000003
25851.0,26508.248499999998
25851.0,26514.9673
25851.0,26537.0196
25851.0,26513.816000000003
25851.0,26510.9165
25851.0,26489.605900000002
25851.0,26466.8543
25851.0,26481.792800000003
25851.0,26483.400799999996
25851.0,26502.7488
25851.0,26515.6858
25851.0,26516.0133
25851.0,26554.650500000007
25851.0,26504.8206
25851.0,26518.543700000002
25851.0,26504.962799999998
25851.0,26501.4824
25851.0,26504.710499999997
25851.0,26457.4347
25851.0,26480.925199999998
25851.0,26469.7169
25851.0,26596.586099999993
25851.0,26540.352700000007
25851.0,26504.5989
25851.0,26458.609300000004
25851.0,26482.862700000005
25851.0,26551.273999999998
25851.0,26470.362899999996
25851.0,26494.219
25851.0,26491.8016
25851.0,26517.1261
25851.0,26536.212900000002
25851.0,26517.391300000007
25851.0,26506.843999999994
25851.0,26509.673699999996
25851.0,26525.6844
25851.0,26472.656
25851.0,26459.498199999995
25851.0,26511.471999999998
25851.0,26500.6644
25851.0,26539.735399999998
25851.0,26516.072699999997
25851.0,26526.7804
25851.0,26524.701699999998
25851.0,26550.3689
25851.0,26538.791900000004
25851.0,26458.536400000005
25851.0,26503.2324
25851.0,26501.476000000006
25851.0,26549.350400000003
25851.0,26486.131000000005
25851.0,26545.137799999997
25851.0,26504.5072
25851.0,26459.4006
25851.0,26526.3239
25851.0,26502.98
25851.0,26474.628199999996
25851.0,26501.267099999997
25851.0,26473.627300000004
25851.0,26492.8194
25851.0,26509.4625
25851.0,26577.650200000004
25851.0,26535.1673
25851.0,26532.921500000004
25851.0,26460.155300000002
25851.0,26487.8727
25851.0,26524.4832
25851.0,26521.821600000007
25851.0,26508.189899999998
25851.0,26492.5176
25851.0,26519.0294
25851.0,26469.1886
25851.0,26549.1922
25851.0,26506.2792
25851.0,26519.4263
25851.0,26529.478500000005
25851.0,26482.650499999996
25851.0,26500.191400000003
25851.0,26511.865299999998
25851.0,26476.118599999998
25851.0,26502.984600000003
25851.0,26545.3466
25851.0,26506.341600000003
25851.0,26524.034200000002
25851.0,26476.9847
25851.0,26476.7402
25851.0,26483.199699999997
25851.0,26518.920199999993
25851.0,26479.471499999996
25851.0,26523.512300000002
25851.0,26470.298000000003
25851.0,26486.353499999997
25851.0,26467.7251
25851.0,26522.070599999995
25851.0,26497.931099999998
25851.0,26529.753699999994
25851.0,26464.255400000002
25851.0,26546.4263
25851.0,26496.939099999996
25851.0,26522.229
25851.0,26495.161500000006
25851.0,26459.339400000004
25851.0,26539.485299999993
25851.0,26467.428200000002
25851.0,26533.1201
25851.0,26498.388199999998
25851.0,26493.717600000004
25851.0,26557.420899999997
25851.0,26619.122000000003
25851.0,26465.563199999997
25851.0,26463.853900000006
25851.0,26520.3098
25851.0,26534.504000000004
25851.0,26507.1354
25851.0,26520.685999999998
25851.0,26553.8209
25851.0,26490.920399999995
25851.0,26476.0901
25851.0,26482.452499999996
25851.0,26519.0909
25851.0,26526.5976
25851.0,26505.272999999997
25851.0,26488.131200000003
25851.0,26537.959500000004
25851.0,26558.7006
25851.0,26492.0227
25851.0,26532.465399999997
25851.0,26424.938999999995
25851.0,26507.363200000003
25851.0,26487.215600000003
25851.0,26475.151399999995
25851.0,26515.7244
25851.0,26527.1904
25851.0,26513.100800000004
25851.0,26525.729100000004
25851.0,26560.190899999998
25851.0,26489.483
25851.0,26489.9614
25851.0,26535.983500000002
25851.0,26506.396200000007
25851.0,26514.0603
25851.0,26511.9146
25851.0,26543.9309
25851.0,26558.0516
25851.0,26516.4571
25851.0,26488.910600000003
25851.0,26490.2228
25851.0,26493.942799999997
25851.0,26516.271599999996
25851.0,26554.6934
25851.0,26451.4446
25851.0,26471.1763
25851.0,26505.698500000006
25851.0,26484.8145
25851.0,26503.7054
25851.0,26532.2859
25851.0,26540.311600000005
25851.0,26512.324100000005
25851.0,26517.3881
25851.0,26534.620600000002
25851.0,26510.887899999994
25851.0,26526.3668
25851.0,26488.1383
25851.0,26502.426600000006
25851.0,26527.951699999994
25851.0,26535.204199999996
25851.0,26502.676999999996
25851.0,26553.349100000003
25851.0,26537.7615
25851.0,26543.184199999996
25851.0,26453.731400000008
25851.0,26538.5331
25851.0,26500.542600000004
25851.0,26492.587400000008
25851.0,26510.086699999996
25851.0,26498.308499999996
25851.0,26470.679000000004
25851.0,26545.865599999997
25851.0,26487.143099999998
25851.0,26524.6321
25851.0,26498.870000000003
25851.0,26521.036799999994
25851.0,26525.289399999998
25851.0,26554.945499999994
25851.0,26508.2012
25851.0,26524.153499999997
25851.0,26507.083799999993
25851.0,26446.906899999994
25851.0,26556.762700000003
25851.0,26523.9223
25851.0,26519.424800000008
25851.0,26502.754299999993
25851.0,26513.931099999998
25851.0,26536.234900000003
25851.0,26524.039999999997
25851.0,26510.144299999996
25851.0,26496.123400000004
25851.0,26500.5223
25851.0,26537.956
25851.0,26519.5807
25851.0,26520.6897
25851.0,26518.6897
25851.0,26496.423600000002
25851.0,26500.0903
25851.0,26502.871300000006
25851.0,26492.082799999996
25851.0,26503.2136
25851.0,26495.384700000002
25851.0,26512.683899999996
25851.0,26492.05
25851.0,26482.081599999998
25851.0,26533.583999999995
25851.0,26549.401
25851.0,26500.357100000005
25851.0,26548.786399999994
25851.0,26490.0917
25851.0,26490.7306
25851.0,26477.849899999994
25851.0,26536.5173
25851.0,26522.4832
25851.0,26506.087000000007
25851.0,26496.658600000006
25851.0,26472.370000000003
25851.0,26491.6389
25851.0,26523.485199999996
25851.0,26514.5265
25851.0,26533.283599999995
25851.0,26501.052000000003
25851.0,26577.4937
25851.0,26530.219599999993
25851.0,26490.8391
25851.0,26510.315400000003
25851.0,26545.72
25851.0,26529.7024
25851.0,26488.490700000002
25851.0,26453.730300000003
25851.0,26527.8039
25851.0,26589.2551
25851.0,26541.693100000004
25851.0,26491.051199999998
25851.0,26462.721899999997
25851.0,26474.8017
25851.0,26529.9447
25851.0,26474.688399999995
25851.0,26529.0859
25851.0,26551.681699999997
25851.0,26567.759100000003
25851.0,26503.923099999996
25851.0,26513.3127
25851.0,26470.261600000005
25851.0,26571.071500000002
25851.0,26487.18439999999
25851.0,26528.639300000003
25851.0,26520.9089
25851.0,26541.381400000002
25851.0,26543.419299999998
25851.0,26524.1674
25851.0,26540.764499999997
25851.0,26560.624900000003
25851.0,26468.299
25851.0,26516.229100000004
25851.0,26568.8793
25851.0,26518.7424
25851.0,26468.1222
25851.0,26560.957300000002
25851.0,26471.377199999995
25851.0,26460.3963
25851.0,26497.737700000005
25851.0,26516.3068
25851.0,26464.05900000001
25851.0,26523.787200000002
25851.0,26525.6701
25851.0,26516.730900000002
25851.0,26531.9833
25851.0,26531.9436
25851.0,26498.506299999997
25851.0,26578.490800000007
25851.0,26533.037099999998
25851.0,26569.148800000003
25851.0,26491.310800000007
25851.0,26500.6081
25851.0,26457.917000000005
25851.0,26520.695999999996
25851.0,26553.829499999993
25851.0,26451.968500000006
25851.0,26510.8421
25851.0,26512.166100000002
25851.0,26482.369700000003
25851.0,26509.046899999998
25851.0,26497.187199999997
25851.0,26499.722300000005
25851.0,26461.8968
25851.0,26492.460500000005
25851.0,26529.601399999992
25851.0,26483.821799999998
25851.0,26520.491699999995
25851.0,26510.202300000004
25851.0,26524.701900000004
25851.0,26484.762999999995
25851.0,26534.2914
25851.0,26511.302599999995
25851.0,26529.5333
25851.0,26519.8409
25851.0,26532.7077
25851.0,26538.143
25851.0,26518.7184
25851.0,26511.8289
25851.0,26499.840999999993
25851.0,26554.739
25851.0,26530.3276
25851.0,26473.388799999997
25851.0,26491.026
25851.0,26498.6337
25851.0,26474.392500000005
25851.0,26517.955200000004
25851.0,26537.2447
25851.0,26539.5217
25851.0,26504.8001
25851.0,26467.1319
25851.0,26531.778799999993
25851.0,26500.930700000004
25851.0,26480.000500000002
25851.0,26516.961499999998
25851.0,26522.918499999992
25851.0,26518.57
25851.0,26480.1857
25851.0,26535.420599999994
25851.0,26475.3685
25851.0,26513.4159
25851.0,26486.271999999997
25851.0,26542.970899999997
25851.0,26499.447000000004
25851.0,26510.352600000002
25851.0,26558.8484
25851.0,26433.710100000004
25851.0,26574.289899999996
25851.0,26476.638499999994
25851.0,26539.645200000006
25851.0,26502.976099999993
25851.0,26492.3917
25851.0,26522.471500000003
25851.0,26509.706600000005
25851.0,26492.421299999998
25851.0,26520.3752
25851.0,26501.525799999996
25851.0,26502.391200000005
25851.0,26506.702300000004
25851.0,26468.335
25851.0,26498.449200000003
25851.0,26510.450299999997
25851.0,26457.537900000003
25851.0,26519.2947
25851.0,26511.4799
25851.0,26494.672700000006
25851.0,26481.3638
25851.0,26518.559599999997
25851.0,26500.568099999997
25851.0,26568.404799999997
25851.0,26531.183700000005
25851.0,26494.3613
25851.0,26527.0433
25851.0,26511.1799
25851.0,26536.644699999997
25851.0,26531.4389
25851.0,26537.7012
25851.0,26520.550300000003
25851.0,26503.506200000003
25851.0,26545.529799999997
25851.0,26485.386299999995
25851.0,26477.2584
25851.0,26534.5098
25851.0,26522.062199999997
25851.0,26492.3599
25851.0,26505.852499999997
25851.0,26499.3274
25851.0,26547.135300000005
25851.0,26513.2054
25851.0,26497.152299999998
25851.0,26536.682099999995
25851.0,26513.174800000008
25851.0,26556.890399999997
25851.0,26483.915
25851.0,26492.9784
25851.0,26560.490099999995
25851.0,26473.1983
25851.0,26528.522000000004
25851.0,26483.324299999997
25851.0,26513.9708
25851.0,26561.860999999997
25851.0,26480.7024
25851.0,26552.136199999997
25851.0,26513.329099999995
25851.0,26485.8587
25851.0,26520.468800000002
25851.0,26481.489400000002
25851.0,26525.755699999998
25851.0,26525.552700000007
25851.0,26499.3999
25851.0,26487.886
25851.0,26466.479099999997
25851.0,26540.870600000002
25851.0,26488.180499999995
25851.0,26496.853900000006
25851.0,26536.9973
25851.0,26482.7808
25851.0,26530.694199999998
25851.0,26449.612799999995
25851.0,26529.2749
25851.0,26429.8879
25851.0,26504.132400000002
25851.0,26543.3707
25851.0,26487.796800000004
25851.0,26524.024100000002
25851.0,26559.528499999997
25851.0,26500.103600000002
25851.0,26528.618799999997
25851.0,26432.3783
25851.0,26486.349000000006
25851.0,26534.419800000003
25851.0,26487.991100000003
25851.0,26521.978700000007
25851.0,26586.183899999993
25851.0,26530.065500000008
25851.0,26587.089800000005
25851.0,26461.6591
25851.0,26479.2363
25851.0,26515.1136
25851.0,26480.384500000004
25851.0,26499.679200000002
25851.0,26485.578999999998
25851.0,26521.958999999995
25851.0,26553.664
25851.0,26514.9533
25851.0,26507.145500000002
25851.0,26541.380699999998
25851.0,26517.6722
25851.0,26476.530600000006
25851.0,26467.826899999996
25851.0,26480.3331
25851.0,26481.2345
25851.0,26508.5893
25851.0,26464.6166
25851.0,26563.531800000004
25851.0,26502.202199999992
25851.0,26520.6618
25851.0,26493.9522
25851.0,26532.180600000003
25851.0,26474.464300000003
25851.0,26447.7484
25851.0,26527.1615
25851.0,26560.882700000006
25851.0,26540.316499999997
25851.0,26556.7375
25851.0,26537.8153
25851.0,26490.140399999997
25851.0,26547.7451
25851.0,26513.0286
25851.0,26594.446300000003
25851.0,26532.8785
25851.0,26495.767799999994
25851.0,26533.3554
25851.0,26525.748500000005
25851.0,26557.966399999994
25851.0,26537.4502
25851.0,26512.018700000004
25851.0,26481.991700000002
25851.0,26467.823000000004
25851.0,26555.100600000005
25851.0,26568.0467
25851.0,26489.4806
25851.0,26534.904199999997
25851.0,26507.943999999996
25851.0,26521.395299999996
25851.0,26500.996999999996
25851.0,26545.9208
25851.0,26497.080299999994
25851.0,26481.060000000005
25851.0,26525.665599999997
25851.0,26537.0746
25851.0,26509.292199999996
25851.0,26486.114800000003
25851.0,26514.9306
25851.0,26555.254599999997
25851.0,26532.1332
25851.0,26589.320799999998
25851.0,26494.814399999996
25851.0,26444.367199999997
25851.0,26545.4609
25851.0,26546.753000000004
25851.0,26526.0063
25851.0,26472.380000000005
25851.0,26541.9631
25851.0,26525.9784
25851.0,26530.897599999997
25851.0,26495.614200000004
25851.0,26496.1146
25851.0,26560.508199999993
25851.0,26552.6321
25851.0,26531.154000000002
25851.0,26570.6558
25851.0,26530.169799999996
25851.0,26493.702899999997
25851.0,26515.9334
25851.0,26482.0201
25851.0,26478.8282
25851.0,26498.965299999993
25851.0,26506.888099999993
25851.0,26556.017700000004
25851.0,26486.8984
25851.0,26528.039600000007
25851.0,26503.5905
25851.0,26456.2282
25851.0,26513.751500000002
25851.0,26546.709900000005
25851.0,26516.3972
25851.0,26543.316100000004
25851.0,26471.0555
25851.0,26533.7935
25851.0,26523.0627
25851.0,26487.542599999993
25851.0,26448.389800000004
25851.0,26518.1473
25851.0,26528.785500000005
25851.0,26526.851199999997
25851.0,26517.3736
25851.0,26517.012300000002
25851.0,26504.763
25851.0,26474.9692
25851.0,26494.483799999998
25851.0,26464.097500000003
25851.0,26448.254300000008
25851.0,26431.772200000007
25851.0,26477.413099999998
25851.0,26495.821399999997
25851.0,26519.5386
25851.0,26505.120400000003
25851.0,26492.095900000004
25851.0,26577.537900000003
25851.0,26489.6164
25851.0,26522.8244
25851.0,26505.305200000003
25851.0,26555.9853
25851.0,26458.902700000006
25851.0,26501.105300000003
25851.0,26524.406199999998
25851.0,26507.112299999997
25851.0,26511.405700000003
25851.0,26545.244599999998
25851.0,26511.52999999999
25851.0,26580.231699999997
25851.0,26469.272099999995
25851.0,26532.658000000003
25851.0,26531.68570000001
25851.0,26503.026600000005
25851.0,26474.226700000007
25851.0,26514.769900000003
25851.0,26576.3598
25851.0,26494.568900000002
25851.0,26499.890399999997
25851.0,26513.270899999992
25851.0,26448.7098
25851.0,26452.422500000004
25851.0,26507.144500000006
25851.0,26507.061199999996
25851.0,26513.122200000005
25851.0,26519.211900000002
25851.0,26525.9544
25851.0,26486.110800000002
25851.0,26527.178499999998
25851.0,26585.104999999992
25851.0,26476.8728
25851.0,26537.707399999996
25851.0,26492.299199999998
25851.0,26513.4691
25851.0,26506.51
25851.0,26538.924700000003
25851.0,26557.488900000004
25851.0,26492.771999999997
25851.0,26506.7238
25851.0,26539.5299
25851.0,26458.9469
25851.0,26486.6325
25851.0,26553.197600000003
25851.0,26524.084700000007
25851.0,26441.037899999996
25851.0,26514.705200000004
25851.0,26487.932
25851.0,26514.163800000002
25851.0,26492.776299999998
25851.0,26505.0868
25851.0,26501.222100000003
25851.0,26530.7043
25851.0,26464.415399999998
25851.0,26508.089799999998
25851.0,26490.844
25851.0,26488.5272
25851.0,26490.235999999994
25851.0,26482.493599999994
25851.0,26498.743
25851.0,26513.0768
25851.0,26538.681500000006
25851.0,26482.334700000007
25851.0,26579.044299999998
25851.0,26487.708900000005
25851.0,26481.2872
25851.0,26499.6528
25851.0,26467.5028
25851.0,26502.8932
25851.0,26494.674300000002
25851.0,26474.930800000002
25851.0,26547.146999999997
25851.0,26491.8546
25851.0,26491.299
25851.0,26502.336100000004
25851.0,26480.821099999994
25851.0,26543.298500000004
25851.0,26527.470500000003
25851.0,26493.4206
25851.0,26551.774799999996
25851.0,26588.8617
25851.0,26548.316600000002
25851.0,26497.3044
25851.0,26555.6534
25851.0,26557.444299999996
25851.0,26500.062700000002
25851.0,26550.41809999999
25851.0,26559.1855
25851.0,26524.7753
25851.0,26508.6481
25851.0,26484.6115
25851.0,26481.248500000005
25851.0,26528.3483
25851.0,26529.062299999998
25851.0,26565.922700000003
25851.0,26555.903899999998
25851.0,26522.487799999995
25851.0,26529.919700000006
25851.0,26523.863000000005
25851.0,26508.3825
25851.0,26517.4506
25851.0,26498.663899999996
25851.0,26472.803300000007
25851.0,26507.014199999998
25851.0,26489.373799999994
25851.0,26492.1852
25851.0,26526.336899999995
25851.0,26422.565599999994
25851.0,26490.6679
25851.0,26411.1469
25851.0,26507.818899999995
25851.0,26532.491700000002
25851.0,26535.495000000003
25851.0,26535.2555
25851.0,26546.208400000003
25851.0,26498.896500000003
25851.0,26592.1867
25851.0,26519.7945
25851.0,26453.736200000003
25851.0,26481.271800000006
25851.0,26539.7189
25851.0,26499.032400000004
25851.0,26457.5744
25851.0,26460.862199999996
25851.0,26506.6195
25851.0,26492.431
25851.0,26552.0566
25851.0,26483.2386
25851.0,26528.293200000004
25851.0,26458.9781
25851.0,26525.475400000003
25851.0,26495.710699999996
25851.0,26451.300600000006
25851.0,26527.943099999997
25851.0,26501.816000000003
25851.0,26502.350600000005
25851.0,26477.626500000002
25851.0,26478.930199999995
25851.0,26507.4195
25851.0,26494.482799999998
25851.0,26479.041099999995
25851.0,26471.9735
25851.0,26482.0607
25851.0,26536.860000000004
25851.0,26527.889399999996
25851.0,26525.912
25851.0,26484.161700000004
25851.0,26476.197000000007
25851.0,26499.864900000004
25851.0,26552.521499999995
25851.0,26467.492299999994
25851.0,26549.267
25851.0,26513.4696
25851.0,26529.243300000002
25851.0,26430.9099
25851.0,26554.698399999994
25851.0,26496.009499999996
25851.0,26473.1507
25851.0,26522.3591
25851.0,26490.817699999996
25851.0,26457.2531
25851.0,26481.323799999995
25851.0,26491.3321
25851.0,26546.6484
25851.0,26473.0027
25851.0,26546.6528
25851.0,26506.564899999998
25851.0,26475.596299999997
25851.0,26525.7226
25851.0,26505.032300000003
25851.0,26508.087099999997
25851.0,26544.1472
25851.0,26537.245000000003
25851.0,26505.473700000002
25851.0,26431.252399999998
25851.0,26470.336699999996
25851.0,26514.216200000003
25851.0,26497.079099999995
25851.0,26488.993700000003
25851.0,26535.1195
25851.0,26605.773100000002
25851.0,26587.509
25851.0,26501.9332
25851.0,26507.4407
25851.0,26522.3121
25851.0,26465.9763
25851.0,26519.1558
25851.0,26516.9702
25851.0,26533.877700000005
25851.0,26545.458599999994
25851.0,26534.4614
25851.0,26557.022399999998
25851.0,26475.022399999998
25851.0,26477.136300000002
25851.0,26475.992600000005
