BestFitnessMean,AverageFitnessMean
50938.6,87710.9148
43551.2,73798.31079999999
39457.9,63449.84669999998
36255.25,55799.7154
33463.85,49431.52110000001
32031.25,45160.93080000001
30512.1,42052.6431
29364.9,39496.495
28446.75,37710.6412
27704.35,36049.942200000005
27402.1,34485.95279999999
27143.95,33016.1784
26934.75,31750.95829999999
26783.4,30861.9706
26682.1,30266.325200000003
26512.05,29787.911699999997
26431.55,29246.938800000004
26357.1,28981.255000000005
26275.45,28655.4153
26260.4,28352.629200000003
26208.95,28095.834600000002
26203.8,28006.2174
26157.8,27964.321000000004
26153.65,27697.8386
26132.25,27589.168400000002
26128.65,27402.966000000004
26121.1,27405.4015
26117.15,27222.2829
26103.55,26847.204599999997
26103.55,26823.379799999995
26099.65,26868.2428
26096.85,26793.253599999996
26096.85,26568.865400000002
26093.1,26494.077199999992
26067.05,26332.2731
26063.25,26260.865200000007
26058.95,26359.8384
26058.95,26377.237299999997
26058.95,26318.456599999994
26051.15,26360.3958
26051.15,26382.2952
26051.15,26245.1788
26039.25,26257.2318
26023.05,26270.5423
26023.05,26285.260700000003
26010.1,26377.920400000003
26010.1,26330.002
26008.85,26297.752799999995
26008.85,26211.621399999996
26008.85,26178.5088
26008.85,26187.064899999998
26008.85,26235.101499999997
26008.7,26218.6893
25986.5,26091.196500000002
25973.0,26110.879699999998
25973.0,26187.9732
25973.0,26142.078100000002
25956.45,26206.784900000006
25952.15,26242.708499999997
25952.15,26193.5568
25952.15,26247.183100000002
25933.3,26376.7652
25933.3,26393.629999999997
25929.0,26284.1276
25929.0,26151.370700000007
25929.0,26182.386600000005
25929.0,26231.1826
25916.5,26109.890199999998
25916.5,26087.456700000002
25916.5,26161.835799999997
25916.5,26159.286700000004
25912.25,26072.1672
25912.25,26119.3375
25912.25,26141.778899999998
25910.1,26103.000099999997
25910.1,26079.389399999996
25910.1,25989.488099999995
25910.1,25968.779499999997
25910.1,25968.62
25910.1,25977.534900000002
25910.1,25961.0495
25910.1,25981.6217
25910.1,25974.5599
25910.1,25977.089299999996
25910.1,25964.9533
25910.1,25959.613099999995
25910.1,25956.256199999996
25910.1,25987.5944
25901.9,25976.0766
25901.9,25993.3451
25890.0,25977.729499999994
25890.0,26007.9176
25890.0,26061.5803
25890.0,26130.044299999998
25890.0,26242.6191
25890.0,25993.577699999994
25890.0,25959.325299999993
25890.0,25965.446200000002
25890.0,25939.4132
25890.0,25955.9628
25890.0,25948.4964
25890.0,25960.6683
25890.0,25962.632399999995
25890.0,25962.577900000004
25889.85,25951.483499999995
25889.85,25942.2247
25877.95,25976.532300000003
25877.95,25967.0276
25876.2,25979.3485
25876.2,25985.9529
25876.2,25939.0673
25876.2,25954.294100000003
25876.2,25947.7738
25876.2,25928.048899999998
25876.2,25914.375900000006
25876.2,25946.156100000004
25876.2,25944.211000000003
25876.2,25944.024500000007
25876.2,25942.393
25876.2,25924.292799999996
25876.2,25941.1418
25876.2,25953.807399999998
25876.2,25933.299600000002
25876.2,25955.5738
25876.2,25944.670599999998
25876.2,25929.258499999996
25876.2,25941.5621
25876.2,25955.9254
25876.2,25944.7265
25876.2,25951.0541
25876.2,25940.172000000006
25876.2,25954.4103
25876.2,25955.01840000001
25876.2,25941.212700000004
25876.2,25930.067300000002
25876.2,25937.6886
25876.2,25931.1527
25876.2,25923.725500000008
25876.2,25945.9747
25876.2,25933.5736
25876.2,25915.375500000006
25876.2,25930.357300000003
25876.2,25938.244100000004
25876.2,25939.235800000002
25876.2,25935.0971
25871.9,25937.6761
25871.9,25951.548099999996
25871.9,25967.1178
25871.9,26010.400699999995
25871.9,25990.028299999998
25871.9,25935.581
25871.9,25936.251000000007
25871.9,25944.8958
25871.9,25932.466000000004
25871.9,25946.576099999995
25871.9,25932.5469
25871.9,25926.702899999997
25871.9,25920.219399999994
25871.9,25929.029499999997
25859.65,25924.462199999998
25859.65,25928.2216
25859.65,25946.7516
25859.65,25947.800000000003
25859.65,25927.3387
25859.5,25921.1003
25859.5,25926.2587
25859.5,25915.590900000003
25859.5,25926.946000000004
25859.5,25923.971100000002
25859.5,25914.3583
25859.5,25928.4048
25859.5,25900.862499999996
25859.5,25912.289800000002
25859.5,25947.7774
25859.5,25937.716900000003
25859.5,25917.45100000001
25859.5,25922.346299999997
25859.5,25913.5516
25859.5,25921.356799999998
25859.5,25915.7018
25859.5,25929.361599999997
25859.5,25911.939999999995
25859.5,25932.948700000004
25859.5,25936.412699999997
25859.5,25937.366800000003
25859.5,25932.8773
25859.5,25933.6529
25859.5,25936.6724
25859.5,25942.565299999995
25859.5,25936.548500000008
25859.5,25927.1956
25859.5,25935.3099
25859.5,25912.817399999996
25859.5,25935.322399999997
25859.5,25929.319
25855.2,25923.469
25855.2,25936.6291
25855.2,25940.8008
25855.2,25937.372799999997
25855.2,25917.1413
25855.2,25919.5659
25855.2,25913.7074
25855.2,25930.9309
25855.2,25925.170600000005
25855.2,25934.6022
25855.2,25902.477300000006
25855.2,25924.663200000003
25855.2,25909.1415
25855.2,25909.949200000003
25855.2,25928.876399999997
25855.2,25926.7666
25855.2,25928.4079
25855.2,25918.0246
25855.2,25928.416100000002
25855.2,25900.8454
25855.2,25947.4692
25855.2,25913.5881
25855.2,25919.9512
25855.2,25912.155300000002
25855.2,25933.418799999996
25853.95,25919.137
25850.05,25918.455900000008
25850.05,25942.7185
25850.05,25931.596700000002
25850.05,25910.500500000002
25850.05,25902.6838
25850.05,25914.1355
25850.05,25919.493200000004
25850.05,25912.0633
25850.05,25924.0894
25850.05,25907.8085
25850.05,25911.5538
25850.05,25924.5316
25850.05,25918.5518
25850.05,25913.900799999996
25850.05,25916.011999999995
25850.05,25908.174899999995
25850.05,25904.782399999996
25850.05,25913.365
25850.05,25915.7596
25850.05,25913.6747
25850.05,25909.544700000002
25850.05,25919.594100000006
25850.05,25937.595000000005
25845.75,25907.659999999996
25845.75,25904.3788
25845.75,25912.9836
25845.75,25924.4692
25845.75,25927.306900000003
25845.75,25902.7455
25845.75,25925.036799999998
25845.75,25907.958000000002
25845.75,25901.242700000003
25845.75,25905.699699999997
25845.75,25925.58749999999
25845.75,25907.1057
25845.75,25892.1477
25845.75,25905.088499999998
25845.75,25915.9255
25845.75,25902.700999999997
25845.75,25916.9357
25845.75,25903.3697
25845.75,25905.109900000003
25845.75,25912.516200000002
25845.75,25908.697
25845.75,25907.682899999996
25845.75,25914.120499999997
25845.75,25896.5585
25845.75,25905.135399999996
25845.75,25932.638400000003
25845.75,25906.136100000007
25845.75,25915.737499999996
25845.75,25903.015499999998
25845.75,25903.030899999994
25845.75,25910.7373
25845.75,25908.994100000004
25845.75,25904.7768
25845.75,25925.257999999998
25845.75,25915.7997
25845.75,25929.407399999996
25845.75,25904.423399999996
25845.75,25912.766
25845.75,25909.245199999994
25845.75,25895.031199999994
25845.75,25911.1165
25845.75,25911.411700000004
25845.75,25908.8114
25845.75,25906.4141
25845.75,25919.9504
25845.75,25911.52
25845.75,25920.7309
25845.75,25913.5499
25845.75,25915.156900000005
25845.75,25930.604700000004
25845.75,25929.0235
25845.75,25915.362499999996
25845.75,25891.897500000006
25845.75,25908.362800000003
25845.75,25896.4237
25845.75,25919.572600000003
25845.75,25906.454399999995
25845.75,25893.668400000002
25845.75,25914.4313
25845.75,25923.588299999996
25845.75,25904.046599999998
25845.75,25930.490200000004
25845.75,25910.8277
25845.75,25939.0653
25845.75,25910.3562
25845.75,25911.156000000003
25845.75,25910.5787
25845.75,25901.9743
25845.75,25904.704700000002
25845.75,25909.9931
25845.75,25914.315299999995
25845.75,25920.7562
25845.75,25918.782700000003
25845.75,25910.100499999997
25845.75,25912.6446
25845.75,25914.4533
25845.75,25915.1617
25845.75,25896.6814
25845.75,25916.6666
25845.75,25912.5516
25845.75,25918.0464
25845.75,25909.5291
25845.75,25922.858700000004
25845.75,25920.920899999997
25845.75,25918.0549
25845.75,25907.2603
25845.75,25904.463200000006
25845.75,25896.013400000003
25845.75,25920.399899999997
25845.75,25906.507
25845.75,25930.5453
25845.75,25909.467
25845.75,25900.849200000004
25845.75,25912.5556
25845.75,25911.2761
25845.75,25909.021500000003
25845.75,25917.992299999998
25845.75,25909.6344
25845.75,25908.048599999995
25845.75,25905.025
25845.75,25905.860399999998
25845.75,25918.3304
25845.75,25907.020800000002
25845.75,25914.406800000004
25845.75,25924.245199999998
25845.75,25924.226700000003
25845.75,25905.388699999996
25845.75,25931.1802
25845.75,25910.869400000003
25845.75,25913.9215
25845.75,25911.357799999998
25845.75,25913.719100000002
25845.75,25902.820899999995
25845.75,25913.5374
25845.75,25905.977399999996
25845.75,25920.4887
25845.75,25919.7437
25845.75,25902.877500000006
25845.75,25899.582000000002
25845.75,25906.283300000003
25845.75,25922.0541
25845.75,25916.7928
25845.75,25918.221299999997
25845.75,25931.4543
25845.75,25920.582600000005
25845.75,25901.7288
25845.75,25918.0861
25845.75,25922.1109
25845.75,25914.865400000002
25845.75,25912.712700000004
25845.75,25918.4083
25845.75,25921.459600000002
25845.75,25904.726400000003
25845.75,25909.036599999996
25845.75,25892.929299999996
25845.75,25906.9965
25845.75,25916.2772
25845.75,25907.182500000003
25845.75,25903.9794
25845.75,25906.911
25845.75,25906.277599999998
25845.75,25923.642399999997
25845.75,25923.712600000003
25845.75,25908.065000000002
25845.75,25899.6808
25845.75,25916.663900000003
25845.75,25928.6905
25845.75,25929.5879
25845.75,25920.6392
25845.75,25899.152700000002
25845.75,25890.8013
25845.75,25925.3541
25845.75,25899.152299999998
25845.75,25917.976300000002
25845.75,25914.300900000002
25845.75,25912.2618
25845.75,25914.4126
25845.75,25900.7835
25845.75,25906.8522
25845.75,25910.247799999994
25845.75,25891.506899999997
25845.75,25913.564899999994
25845.75,25916.8514
25845.75,25909.880499999996
25845.75,25913.086100000004
25845.75,25929.2854
25845.75,25908.4263
25845.75,25892.285299999996
25845.75,25923.927000000003
25845.75,25903.861100000002
25845.75,25898.576200000003
25845.75,25902.7644
25845.75,25890.3037
25845.75,25912.9044
25845.75,25901.6972
25845.75,25897.4964
25845.75,25908.761400000003
25845.75,25918.4826
25845.75,25911.8134
25845.75,25905.2299
25845.75,25927.581599999998
25845.75,25915.4372
25845.75,25927.853
25845.75,25920.575600000004
25845.75,25896.894700000004
25845.75,25919.116199999997
25845.75,25910.869100000004
25845.75,25904.5611
25845.75,25909.494
25845.75,25900.740200000004
25845.75,25894.8085
25845.75,25909.807599999993
25845.75,25903.148800000003
25845.75,25898.930800000002
25845.75,25908.764399999996
25845.75,25922.667600000004
25845.75,25910.192099999997
25845.75,25907.192799999997
25845.75,25920.6145
25845.75,25891.521800000002
25845.75,25904.548899999994
25845.75,25914.7457
25845.75,25911.124400000004
25845.75,25909.075000000004
25845.75,25922.732300000003
25845.75,25896.169599999997
25845.75,25920.1266
25845.75,25904.762400000003
25845.75,25900.787699999993
25845.75,25905.8615
25845.75,25906.003399999998
25845.75,25905.788599999996
25845.75,25913.4067
25845.75,25913.165800000006
25845.75,25909.847599999997
25845.75,25900.4533
25845.75,25899.672599999998
25845.75,25912.135099999996
25845.75,25903.1993
25845.75,25918.634299999998
25845.75,25905.539500000003
25845.75,25891.800900000002
25845.75,25908.1832
25845.75,25902.1421
25845.75,25902.397799999995
25845.75,25928.282
25845.75,25917.855300000003
25845.75,25903.392300000003
25845.75,25909.180800000006
25845.75,25907.279099999996
25845.75,25909.949799999995
25845.75,25911.676700000004
25845.75,25897.6594
25845.75,25897.4811
25845.75,25894.875799999994
25845.75,25909.847
25845.75,25920.153599999998
25845.75,25915.427400000004
25845.75,25919.8461
25845.75,25909.085800000004
25845.75,25906.022299999997
25845.75,25905.3113
25845.75,25921.981099999997
25845.75,25912.0997
25845.75,25916.4239
25845.75,25912.940500000004
25845.75,25893.532900000002
25845.75,25904.1942
25845.75,25907.126
25845.75,25914.559699999998
25845.75,25912.2233
25845.75,25917.9272
25845.75,25913.654899999998
25845.75,25940.052100000008
25845.75,25916.7272
25845.75,25911.7419
25845.75,25905.496199999998
25845.75,25911.0843
25845.75,25912.961699999996
25845.75,25907.260099999996
25845.75,25917.657800000004
25845.75,25920.288499999995
25845.75,25912.127999999997
25845.75,25924.906199999998
25845.75,25918.1242
25845.75,25925.8031
25845.75,25902.919
25845.75,25929.725599999998
25845.75,25922.932999999997
25845.75,25914.844700000005
25845.75,25907.058999999997
25845.75,25915.24
25845.75,25916.1937
25845.75,25909.650500000003
25845.75,25915.307200000003
25845.75,25918.288299999997
25845.75,25907.063400000006
25845.75,25910.8004
25845.75,25908.124000000003
25845.75,25913.240400000002
25845.75,25912.609199999995
25845.75,25906.471299999997
25845.75,25927.981299999996
25845.75,25900.459199999998
25845.75,25923.6859
25845.75,25910.995600000002
25845.75,25924.633899999997
25845.75,25911.241100000003
25845.75,25909.5913
25845.75,25911.5487
25845.75,25900.1903
25845.75,25908.5072
25845.75,25911.5937
25845.75,25903.686199999996
25845.75,25911.6657
25845.75,25901.062000000005
25845.75,25909.309999999998
25845.75,25899.853299999995
25845.75,25915.200100000002
25845.75,25897.631100000002
25845.75,25907.289500000003
25845.75,25915.765700000004
25845.75,25908.076699999998
25845.75,25895.4905
25845.75,25905.6591
25845.75,25914.654800000004
25845.75,25907.0907
25845.75,25933.568299999995
25845.75,25926.295000000002
25845.75,25909.8139
25845.75,25916.333900000005
25845.75,25902.5504
25845.75,25907.519999999997
25845.75,25891.566799999993
25845.75,25911.361200000003
25845.75,25908.687599999997
25845.75,25887.528
25845.75,25918.439600000005
25845.75,25893.905600000002
25845.75,25927.7768
25845.75,25918.921899999994
25845.75,25917.332399999996
25845.75,25905.708500000008
25845.75,25928.449000000004
25845.75,25913.6011
25845.75,25920.252400000005
25845.75,25923.069000000003
25845.75,25914.438799999996
25845.75,25894.029099999996
25845.75,25932.6432
25845.75,25908.8493
25845.75,25909.5017
25845.75,25911.972899999997
25845.75,25909.3048
25845.75,25922.027199999997
25845.75,25917.4976
25845.75,25889.2383
25845.75,25908.980100000004
25845.75,25916.8512
25845.75,25917.630400000002
25845.75,25916.871499999997
25845.75,25912.8859
25845.75,25917.207199999997
25845.75,25903.230300000003
25845.75,25912.2712
25845.75,25903.0833
25845.75,25901.3081
25845.75,25915.6396
25845.75,25901.380100000002
25845.75,25916.0692
25845.75,25915.67
25845.75,25892.7486
25845.75,25912.735599999996
25845.75,25910.763600000002
25845.75,25911.755300000004
25845.75,25931.5464
25845.75,25915.701
25845.75,25897.2308
25845.75,25906.267100000005
25845.75,25910.357600000003
25845.75,25894.5639
25845.75,25901.713
25845.75,25912.158600000002
25845.75,25902.3166
25845.75,25915.218700000005
25845.75,25908.555
25845.75,25912.0182
25845.75,25915.0655
25845.75,25932.578299999997
25845.75,25905.076599999997
25845.75,25938.4648
25845.75,25903.215200000006
25845.75,25913.921199999997
25845.75,25902.695500000005
25845.75,25905.881499999996
25845.75,25910.1379
25845.75,25888.156000000003
25845.75,25905.1886
25845.75,25919.917999999998
25845.75,25914.338000000007
25845.75,25915.158300000003
25845.75,25918.9104
25845.75,25906.3257
25845.75,25927.286300000007
25845.75,25913.6185
25845.75,25893.4815
25845.75,25915.5947
25845.75,25900.7717
25845.75,25900.0318
25845.75,25909.046699999995
25845.75,25918.3189
25845.75,25888.161500000002
25845.75,25908.216099999998
25845.75,25920.259
25845.75,25900.8986
25845.75,25906.792499999996
25845.75,25923.8684
25845.75,25911.230499999998
25845.75,25937.521500000003
25845.75,25904.398999999998
25845.75,25918.2821
25845.75,25922.390900000002
25845.75,25894.548499999997
25845.75,25902.4548
25845.75,25913.927799999998
25845.75,25910.3169
25845.75,25919.3378
25845.75,25909.3602
25845.75,25913.8478
25845.75,25912.1997
25845.75,25918.0078
25845.75,25901.424000000006
25845.75,25912.0326
25845.75,25893.7904
25845.75,25908.648599999997
25845.75,25905.435800000003
25845.75,25912.113
25845.75,25913.0599
25845.75,25914.426100000004
25845.75,25918.324500000006
25845.75,25899.098400000003
25845.75,25905.8422
25845.75,25921.774799999996
25845.75,25919.989500000003
25845.75,25912.7364
25845.75,25915.287499999995
25845.75,25899.722700000002
25845.75,25915.354700000004
25845.75,25899.5167
25845.75,25908.1495
25845.75,25916.920700000002
25845.75,25912.8337
25845.75,25907.6425
25845.75,25924.319899999995
25845.75,25914.876099999994
25845.75,25902.184699999998
25845.75,25923.3277
25845.75,25900.8472
25845.75,25909.148200000003
25845.75,25914.719999999998
25845.75,25918.7542
25845.75,25901.1695
25845.75,25905.3356
25845.75,25904.439000000002
25845.75,25921.407799999994
25845.75,25912.4005
25845.75,25910.7033
25845.75,25904.818399999996
25845.75,25919.167400000002
25845.75,25899.022300000004
25845.75,25911.977
25845.75,25914.844399999998
25845.75,25912.546000000002
25845.75,25905.945200000002
25845.75,25902.140099999997
25845.75,25913.855899999995
25845.75,25908.120700000003
25845.75,25910.9686
25845.75,25913.3634
25845.75,25927.0996
25845.75,25912.985200000003
25845.75,25919.642
25845.75,25923.2333
25845.75,25908.5609
25845.75,25901.403899999998
25845.75,25904.629200000003
25845.75,25920.119400000003
25845.75,25906.028700000003
25845.75,25938.7339
25845.75,25909.182200000003
25845.75,25907.113899999997
25845.75,25903.2359
25845.75,25908.731399999997
25845.75,25904.752099999998
25845.75,25906.623100000004
25845.75,25922.801400000004
25845.75,25898.1013
25845.75,25909.0978
25845.75,25909.8429
25845.75,25903.924199999998
25845.75,25910.782399999996
25845.75,25905.398199999996
25845.75,25910.8668
25845.75,25914.768100000005
25845.75,25902.4906
25845.75,25912.0063
25845.75,25904.937100000003
25845.75,25907.8355
25845.75,25914.2805
25845.75,25931.600599999998
25845.75,25911.513899999998
25845.75,25902.677399999997
25845.75,25911.276599999997
25845.75,25911.130599999997
25845.75,25890.7662
25845.75,25913.998600000003
25845.75,25916.364299999997
25845.75,25936.775800000003
25845.75,25899.0291
25845.75,25901.808900000004
25845.75,25892.9394
25845.75,25908.1556
25845.75,25914.078100000006
25845.75,25907.089799999998
25845.75,25905.680500000006
25845.75,25916.721400000002
25845.75,25906.494200000005
25845.75,25902.993499999997
25845.75,25905.5461
25845.75,25901.6137
25845.75,25909.128
25845.75,25896.8405
25845.75,25906.389699999996
25845.75,25915.343399999994
25845.75,25905.074800000002
25845.75,25923.193600000002
25845.75,25898.527100000003
25845.75,25907.807299999997
25845.75,25899.946500000002
25845.75,25898.488699999998
25845.75,25914.8288
25845.75,25919.163200000003
25845.75,25924.168800000007
25845.75,25909.775599999994
25845.75,25924.962300000003
25845.75,25922.623900000002
25845.75,25935.1204
25845.75,25914.873900000002
25845.75,25907.802600000003
25845.75,25916.9925
25845.75,25916.5299
25845.75,25914.761300000002
25845.75,25900.1715
25845.75,25905.716999999997
25845.75,25907.252
25845.75,25905.711000000003
25845.75,25903.152700000006
25845.75,25916.993199999997
25845.75,25918.626200000002
25845.75,25919.3534
25845.75,25913.303299999992
25845.75,25905.091199999995
25845.75,25916.321099999997
25845.75,25895.6766
25845.75,25899.313199999997
25845.75,25910.935300000005
25845.75,25922.5744
25845.75,25901.265699999996
25845.75,25904.3679
25845.75,25912.9395
25845.75,25908.0155
25845.75,25915.8798
25845.75,25919.323300000004
25845.75,25901.534200000002
25845.75,25906.3911
25845.75,25911.846199999996
25845.75,25918.158000000003
25845.75,25907.182200000003
25845.75,25894.604199999998
25845.75,25911.689899999998
25845.75,25912.423300000006
25845.75,25926.7743
25845.75,25920.7483
25845.75,25905.161799999998
25845.75,25908.415500000003
25845.75,25897.2929
25845.75,25898.985399999998
25845.75,25894.2112
25845.75,25899.426200000005
25845.75,25905.525700000002
25845.75,25907.720100000002
25845.75,25927.084499999997
25845.75,25910.136600000005
25845.75,25922.930599999996
25845.75,25940.37150000001
25845.75,25916.165100000002
25845.75,25915.2978
25845.75,25914.549799999997
25845.75,25897.490700000002
25845.75,25909.915500000003
25845.75,25913.179999999997
25845.75,25916.5409
25845.75,25920.906200000005
25845.75,25903.947600000003
25845.75,25906.259400000003
25845.75,25915.024000000005
25845.75,25910.462600000003
25845.75,25922.860399999998
25845.75,25922.317499999997
25845.75,25904.0791
25845.75,25909.6921
25845.75,25898.325699999998
25845.75,25916.899400000002
25845.75,25907.790900000004
25845.75,25929.7182
25845.75,25887.709999999995
25845.75,25912.110200000003
25845.75,25907.500500000002
25845.75,25903.591200000003
25845.75,25903.2587
25845.75,25917.458
25845.75,25889.974799999996
25845.75,25904.233200000002
25845.75,25927.694700000007
25845.75,25923.451200000003
25845.75,25894.561299999994
25845.75,25911.386699999995
25845.75,25917.746600000006
25845.75,25901.690800000004
25845.75,25910.283499999994
25845.75,25928.5995
25845.75,25917.5329
25845.75,25911.307600000004
25845.75,25921.1409
25845.75,25911.5328
25845.75,25920.680099999998
25845.75,25925.04950000001
25845.75,25918.225400000003
25845.75,25890.5017
25845.75,25907.885999999995
25845.75,25926.384700000002
25845.75,25899.063499999997
25845.75,25912.077499999996
25845.75,25926.562699999995
25845.75,25916.0073
25845.75,25897.7626
25845.75,25893.674700000003
25845.75,25903.5788
25845.75,25922.5866
25845.75,25919.7363
25845.75,25889.928200000002
25845.75,25896.775400000002
25845.75,25906.0771
25845.75,25904.8451
25845.75,25904.229199999998
25845.75,25901.9115
25845.75,25901.135199999997
25845.75,25910.007399999995
25845.75,25917.503900000003
25845.75,25920.5509
25845.75,25916.8381
25845.75,25909.194100000004
25845.75,25910.94030000001
25845.75,25926.357
25845.75,25906.579699999995
25845.75,25910.441
25845.75,25904.585900000002
25845.75,25923.2514
25845.75,25897.368000000002
25845.75,25916.729399999997
25845.75,25902.1229
25845.75,25907.538599999996
25845.75,25920.332199999997
25845.75,25905.776599999994
25845.75,25907.207000000002
25845.75,25914.8535
25845.75,25910.586299999995
25845.75,25898.8081
25845.75,25913.963899999995
25845.75,25931.655899999998
25845.75,25920.773199999996
25845.75,25889.707300000002
25845.75,25926.120700000003
25845.75,25914.458400000003
25845.75,25905.387199999997
25845.75,25910.023500000003
25845.75,25916.843499999995
25845.75,25922.1797
25845.75,25897.6417
25845.75,25908.4791
25845.75,25920.1318
25845.75,25908.188700000002
25845.75,25894.214
25845.75,25913.9346
25845.75,25916.115
25845.75,25931.6846
25845.75,25910.169899999994
25845.75,25925.318199999994
25845.75,25903.475199999997
25845.75,25895.550399999996
25845.75,25903.400299999998
25845.75,25909.5176
25845.75,25912.8473
25845.75,25923.611100000002
25845.75,25911.275899999997
25845.75,25909.775500000003
25845.75,25890.582499999997
25845.75,25901.800000000007
25845.75,25898.460399999996
25845.75,25909.670000000002
25845.75,25929.940800000004
25845.75,25914.197200000002
25845.75,25903.5885
25845.75,25916.130899999996
25845.75,25902.8417
25845.75,25908.9574
25845.75,25901.207899999998
25845.75,25927.569799999997
25845.75,25913.5906
25845.75,25920.8887
25845.75,25924.3154
25845.75,25908.3186
25845.75,25910.754699999998
25845.75,25931.323599999996
25845.75,25902.502
25845.75,25901.228500000005
25845.75,25902.5647
25845.75,25914.938099999996
25845.75,25916.393299999996
25845.75,25910.3844
25845.75,25906.102199999998
25845.75,25907.419
25845.75,25910.378200000003
25845.75,25904.1667
25845.75,25913.1904
25845.75,25903.3211
25845.75,25913.332
25845.75,25900.8776
25845.75,25902.8898
25845.75,25909.4539
25845.75,25887.268799999998
25845.75,25906.470100000002
25845.75,25894.008899999993
25845.75,25913.219599999993
25845.75,25926.843699999998
25845.75,25896.827299999997
25845.75,25908.3348
25845.75,25903.968999999997
25845.75,25900.5444
25845.75,25915.455400000003
25845.75,25933.909
25845.75,25919.006600000004
25845.75,25913.468100000002
25845.75,25932.2009
25845.75,25896.616199999997
25845.75,25905.000999999997
25845.75,25890.773400000002
25845.75,25931.142000000007
25845.75,25914.524599999997
25845.75,25918.4263
25845.75,25902.9188
25845.75,25919.224300000005
25845.75,25912.5537
25845.75,25908.724100000003
25845.75,25908.381799999996
25845.75,25910.043399999995
25845.75,25902.096899999997
25845.75,25917.360699999997
25845.75,25917.522
25845.75,25909.4366
25845.75,25905.634700000002
25845.75,25923.5561
25845.75,25901.970299999997
25845.75,25923.1748
25845.75,25934.242300000005
25845.75,25889.019200000002
