BestFitnessMean,AverageFitnessMean
52465.45,87596.0006
45166.0,74237.102
39944.9,65062.426699999996
36889.25,57783.24569999999
34386.25,51328.909799999994
32641.65,47005.30300000001
31472.3,44132.959200000005
30285.45,41947.41940000001
29179.8,40149.624200000006
28619.8,38455.979100000004
27971.65,36942.3828
27411.85,35811.0818
27131.0,34628.21250000001
26803.3,33565.94350000001
26665.05,32726.8495
26536.25,31955.8354
26400.7,31390.493599999998
26294.25,30704.20709999999
26231.5,30218.9168
26167.2,29960.3246
26130.4,29661.279
26099.3,29334.420000000006
26047.1,29115.4539
25982.3,28971.204099999995
25949.05,28650.358499999995
25944.65,28343.76429999999
25940.7,28151.133200000004
25922.8,27757.170000000002
25910.75,27599.5897
25910.75,27473.704999999998
25898.2,27363.7425
25855.1,27439.502400000005
25855.1,27550.5045
25854.95,27387.756799999996
25854.95,27129.146699999994
25850.65,26913.531799999997
25850.65,26723.788100000005
25850.65,26623.067500000005
25850.65,26744.851400000003
25850.65,26697.195799999998
25850.65,26696.09480000001
25850.65,26750.610799999995
25850.65,26730.656
25850.65,26716.5837
25850.65,26766.316100000004
25850.65,26761.3431
25850.5,26754.002399999998
25850.5,26668.236199999996
25850.5,26627.0635
25850.5,26647.541599999997
25850.5,26617.338200000006
25850.5,26511.176
25850.5,26555.677600000003
25850.5,26463.72860000001
25850.5,26514.5072
25850.5,26455.043599999997
25850.5,26549.286600000003
25850.5,26518.8294
25850.5,26500.117000000006
25850.5,26479.56820000001
25850.5,26573.103600000002
25850.5,26514.329799999996
25850.5,26492.620200000005
25850.5,26527.147799999995
25850.5,26496.006200000003
25850.5,26512.055
25850.5,26497.675900000002
25850.5,26550.61149999999
25850.5,26486.565199999994
25850.5,26512.209599999995
25850.5,26508.5615
25850.5,26488.0881
25850.5,26520.158199999998
25850.5,26488.421299999995
25850.5,26556.468400000005
25850.5,26480.819800000005
25850.5,26546.577400000002
25850.5,26563.620399999996
25850.5,26472.146999999997
25850.5,26555.62359999999
25850.5,26498.954799999996
25850.5,26494.5213
25850.5,26520.215600000003
25850.5,26448.3277
25850.5,26510.3072
25850.5,26502.172700000003
25850.5,26521.914599999996
25850.5,26506.7874
25850.5,26517.538299999997
25850.5,26486.865499999996
25850.5,26495.3556
25850.5,26559.052999999996
25850.5,26527.994400000003
25850.5,26510.485399999998
25850.5,26528.4164
25850.5,26511.148100000002
25850.5,26526.992499999993
25850.5,26561.149799999996
25850.5,26531.5819
25850.5,26523.578800000007
25850.5,26481.802199999995
25850.5,26563.558
25850.5,26477.6967
25850.5,26582.658200000005
25850.5,26533.429200000002
25850.5,26483.176
25850.5,26519.5539
25850.5,26495.256299999997
25850.5,26487.672399999992
25850.5,26553.486400000005
25850.5,26523.134899999997
25850.5,26562.7428
25850.5,26520.9951
25850.5,26536.415699999994
25850.5,26517.112199999996
25850.5,26541.2322
25850.5,26456.6279
25850.5,26466.417000000005
25850.5,26507.9064
25850.5,26549.609600000003
25850.5,26599.392200000002
25850.5,26505.999799999998
25850.5,26548.1181
25850.5,26533.2837
25850.5,26489.081599999998
25850.5,26428.225199999993
25850.5,26533.8864
25850.5,26515.4763
25850.5,26560.6984
25850.5,26546.5308
25850.5,26496.566500000004
25850.5,26540.146499999995
25850.5,26518.731299999996
25850.5,26533.7958
25850.5,26487.038
25850.5,26493.938700000006
25850.5,26521.175900000002
25850.5,26526.1266
25850.5,26487.961900000002
25850.5,26539.4283
25850.5,26483.356300000003
25850.5,26531.7315
25850.5,26528.449600000004
25850.5,26516.4132
25850.5,26486.211799999997
25850.5,26511.017400000004
25850.5,26468.4426
25850.5,26539.218199999996
25850.5,26463.6924
25850.5,26482.270000000008
25850.5,26542.156500000005
25850.5,26495.5884
25850.5,26554.709700000007
25850.5,26517.625500000002
25850.5,26446.1916
25850.5,26526.4436
25850.5,26461.0513
25850.5,26457.6844
25850.5,26555.653500000004
25850.5,26525.2541
25850.5,26530.658799999997
25850.5,26481.6891
25850.5,26566.055800000002
25850.5,26541.432299999997
25850.5,26464.839900000003
25850.5,26556.349200000004
25850.5,26571.365100000003
25850.5,26491.326899999996
25850.5,26513.8185
25850.5,26435.8799
25850.5,26522.177299999992
25850.5,26489.234999999997
25850.5,26550.58870000001
25850.5,26536.975400000003
25850.5,26508.141499999998
25850.5,26523.1593
25850.5,26478.4477
25850.5,26484.8897
25850.5,26497.094899999996
25850.5,26524.387799999997
25850.5,26529.501500000002
25850.5,26501.679199999995
25850.5,26486.912900000003
25850.5,26475.817699999996
25850.5,26476.4603
25850.5,26518.665800000006
25850.5,26530.178200000006
25850.5,26500.021699999994
25850.5,26495.635099999996
25850.5,26543.4211
25850.5,26529.612699999998
25850.5,26553.165599999997
25850.5,26512.6346
25850.5,26543.831899999997
25850.5,26517.3734
25850.5,26537.501800000005
25850.5,26492.379399999998
25850.5,26528.620499999997
25850.5,26551.605
25850.5,26475.661600000003
25850.5,26500.347700000002
25850.5,26532.677000000003
25850.5,26475.1379
25850.5,26479.644699999997
25850.5,26517.510500000004
25850.5,26554.889900000002
25850.5,26554.193900000002
25850.5,26443.597100000003
25850.5,26520.531599999995
25850.5,26555.870400000003
25850.5,26479.7419
25850.5,26541.801900000002
25850.5,26457.953799999996
25850.5,26524.1849
25850.5,26498.155799999997
25850.5,26553.496600000002
25850.5,26557.047899999998
25850.5,26558.905399999996
25850.5,26544.925
25850.5,26489.4201
25850.5,26410.999
25850.5,26535.361599999997
25850.5,26486.266200000002
25850.5,26469.956
25850.5,26549.852899999998
25850.5,26518.426300000003
25850.5,26547.5609
25850.5,26517.4392
25850.5,26524.627400000005
25850.5,26520.838799999998
25850.5,26516.5588
25850.5,26504.3082
25850.5,26553.775899999997
25850.5,26442.489099999995
25850.5,26510.113100000006
25850.5,26508.550900000002
25850.5,26520.669199999997
25850.5,26532.624099999997
25850.5,26510.481700000004
25850.5,26515.3619
25850.5,26507.466999999997
25850.5,26517.0137
25850.5,26522.3301
25850.5,26590.0841
25850.5,26496.480299999996
25850.5,26540.996699999996
25850.5,26509.510799999996
25850.5,26545.929299999996
25850.5,26511.716799999995
25850.5,26492.725999999995
25850.5,26515.223600000005
25850.5,26543.539999999997
25850.5,26497.6855
25850.5,26537.450699999998
25850.5,26527.8358
25850.5,26479.2283
25850.5,26510.6501
25850.5,26531.9438
25850.5,26479.9653
25850.5,26569.605500000005
25850.5,26552.764799999997
25850.5,26531.3087
25850.5,26568.0801
25850.5,26540.104400000004
25850.5,26489.113300000005
25850.5,26534.424799999997
25850.5,26500.698500000006
25850.5,26489.731399999997
25850.5,26478.5423
25850.5,26488.433900000004
25850.5,26515.191700000003
25850.5,26506.8143
25850.5,26500.109399999998
25850.5,26483.154499999997
25850.5,26553.329099999995
25850.5,26489.7267
25850.5,26512.7181
25850.5,26507.786100000005
25850.5,26538.355700000004
25850.5,26432.2841
25850.5,26549.537399999994
25850.5,26560.879899999993
25850.5,26494.412599999992
25850.5,26523.49369999999
25850.5,26509.4305
25850.5,26544.468299999997
25850.5,26523.017699999997
25850.5,26544.085100000004
25850.5,26531.270500000002
25850.5,26483.574000000004
25850.5,26484.8097
25850.5,26466.553600000003
25850.5,26538.444800000005
25850.5,26570.689899999998
25850.5,26519.3082
25850.5,26548.614299999997
25850.5,26559.4787
25850.5,26461.707500000008
25850.5,26512.0893
25850.5,26541.328499999996
25850.5,26540.2316
25850.5,26490.5305
25850.5,26499.0596
25850.5,26531.971100000002
25850.5,26437.8121
25850.5,26487.876500000006
25850.5,26533.666600000004
25850.5,26562.4904
25850.5,26483.120799999997
25850.5,26515.876900000003
25850.5,26508.162699999997
25850.5,26572.204700000002
25850.5,26487.109399999998
25850.5,26503.6489
25850.5,26486.658200000005
25850.5,26444.233400000005
25850.5,26577.470899999997
25850.5,26544.645500000002
25850.5,26476.988200000003
25850.5,26489.3724
25850.5,26505.005200000003
25850.5,26456.850300000002
25850.5,26550.8944
25850.5,26517.776400000002
25850.5,26535.963699999993
25850.5,26548.7245
25850.5,26504.729700000007
25850.5,26536.654899999994
25850.5,26481.552399999997
25850.5,26508.352999999996
25850.5,26523.286699999997
25850.5,26524.742599999998
25850.5,26535.733499999995
25850.5,26538.491500000004
25850.5,26447.8918
25850.5,26472.978500000005
25850.5,26479.9533
25850.5,26526.060699999995
25850.5,26573.9879
25850.5,26516.592800000002
25850.5,26510.450899999996
25850.5,26481.497799999994
25850.5,26500.6642
25850.5,26458.380999999994
25850.5,26508.177700000007
25850.5,26516.586199999998
25850.5,26526.9354
25850.5,26503.768799999998
25850.5,26466.896500000003
25850.5,26543.787200000002
25850.5,26486.551199999998
25850.5,26567.8436
25850.5,26524.8205
25850.5,26539.877800000006
25850.5,26472.414899999996
25850.5,26503.535200000002
25850.5,26482.433599999997
25850.5,26533.7472
25850.5,26522.452899999997
25850.5,26518.657999999996
25850.5,26480.091600000003
25850.5,26456.219299999997
25850.5,26503.9787
25850.5,26478.5059
25850.5,26519.620300000002
25850.5,26524.321799999998
25850.5,26534.588899999995
25850.5,26547.703299999994
25850.5,26535.096200000007
25850.5,26513.372800000005
25850.5,26516.4781
25850.5,26519.0326
25850.5,26580.966200000003
25850.5,26524.519
25850.5,26531.5424
25850.5,26546.505199999996
25850.5,26542.563200000004
25850.5,26529.8603
25850.5,26452.757
25850.5,26504.768900000003
25850.5,26529.121399999996
25850.5,26474.050999999996
25850.5,26539.801800000005
25850.5,26494.661099999998
25850.5,26511.0893
25850.5,26519.3598
25850.5,26490.7086
25850.5,26521.6638
25850.5,26488.258300000005
25850.5,26458.7517
25850.5,26525.5233
25850.5,26499.789299999997
25850.5,26501.8249
25850.5,26533.467599999996
25850.5,26513.0553
25850.5,26477.8397
25850.5,26466.7435
25850.5,26509.226099999993
25850.5,26468.596
25850.5,26511.447699999997
25850.5,26469.471599999997
25850.5,26547.938400000003
25850.5,26479.786200000002
25850.5,26502.590600000003
25850.5,26545.560199999996
25850.5,26541.319
25850.5,26556.257600000004
25850.5,26502.789399999998
25850.5,26551.811800000003
25850.5,26504.5754
25850.5,26494.8277
25850.5,26524.244800000004
25850.5,26564.548000000003
25850.5,26526.2756
25850.5,26498.8952
25850.5,26538.1276
25850.5,26555.034399999997
25850.5,26486.737000000005
25850.5,26499.1175
25850.5,26458.5864
25850.5,26500.692300000002
25850.5,26557.9162
25850.5,26548.427199999995
25850.5,26499.545400000003
25850.5,26496.951800000003
25850.5,26536.270499999995
25850.5,26499.5006
25850.5,26520.017
25850.5,26528.8853
25850.5,26538.754100000002
25850.5,26465.696900000003
25850.5,26557.798700000003
25850.5,26580.6291
25850.5,26532.735999999997
25850.5,26522.343300000008
25850.5,26503.422899999998
25850.5,26500.634700000002
25850.5,26546.873000000003
25850.5,26488.803000000004
25850.5,26501.456199999997
25850.5,26447.758299999998
25850.5,26482.397000000004
25850.5,26538.007800000003
25850.5,26522.8719
25850.5,26509.843800000002
25850.5,26540.808900000004
25850.5,26480.613699999998
25850.5,26496.671299999998
25850.5,26507.076800000003
25850.5,26488.692100000004
25850.5,26490.2033
25850.5,26479.569400000008
25850.5,26502.066
25850.5,26464.1824
25850.5,26507.817099999997
25850.5,26475.502999999997
25850.5,26562.681100000005
25850.5,26499.5911
25850.5,26501.3902
25850.5,26523.732600000007
25850.5,26480.141299999996
25850.5,26506.362899999996
25850.5,26545.618599999998
25850.5,26498.841500000002
25850.5,26537.2626
25850.5,26530.530600000006
25850.5,26497.9358
25850.5,26580.3495
25850.5,26483.572399999997
25850.5,26498.138000000006
25850.5,26491.381799999996
25850.5,26458.123499999998
25850.5,26516.146399999998
25850.5,26543.229100000004
25850.5,26520.474800000004
25850.5,26527.472899999993
25850.5,26479.2428
25850.5,26481.100400000003
25850.5,26580.1168
25850.5,26548.5228
25850.5,26510.1955
25850.5,26524.0685
25850.5,26510.817100000007
25850.5,26487.011800000007
25850.5,26514.41830000001
25850.5,26480.6473
25850.5,26502.4107
25850.5,26494.614900000004
25850.5,26533.522799999995
25850.5,26562.737600000004
25850.5,26483.2661
25850.5,26520.2238
25850.5,26517.819199999998
25850.5,26441.099
25850.5,26569.1054
25850.5,26444.531199999998
25850.5,26482.039
25850.5,26479.205299999994
25850.5,26527.719299999997
25850.5,26474.6675
25850.5,26509.89379999999
25850.5,26534.936299999994
25850.5,26576.176800000005
25850.5,26482.1224
25850.5,26445.539300000004
25850.5,26480.5055
25850.5,26557.341599999996
25850.5,26513.650400000002
25850.5,26469.7
25850.5,26473.7483
25850.5,26529.5504
25850.5,26465.087900000002
25850.5,26549.7955
25850.5,26547.3946
25850.5,26567.5201
25850.5,26526.531600000006
25850.5,26515.9616
25850.5,26540.7228
25850.5,26513.799499999994
25850.5,26499.8141
25850.5,26531.8929
25850.5,26526.8027
25850.5,26549.770399999998
25850.5,26492.0402
25850.5,26521.0979
25850.5,26442.495799999997
25850.5,26478.8871
25850.5,26448.11400000001
25850.5,26526.479600000002
25850.5,26518.005400000005
25850.5,26511.951699999998
25850.5,26529.7106
25850.5,26493.901099999995
25850.5,26481.1135
25850.5,26572.1956
25850.5,26502.4297
25850.5,26491.999600000003
25850.5,26541.670400000003
25850.5,26483.9582
25850.5,26543.6542
25850.5,26553.4242
25850.5,26540.6626
25850.5,26456.828100000002
25850.5,26491.810999999998
25850.5,26496.232200000006
25850.5,26534.808399999998
25850.5,26439.927999999996
25850.5,26553.4071
25850.5,26533.357500000002
25850.5,26570.214799999998
25850.5,26525.927999999996
25850.5,26554.3359
25850.5,26529.951399999998
25850.5,26510.011700000003
25850.5,26480.0349
25850.5,26561.9982
25850.5,26503.391300000007
25850.5,26554.3724
25850.5,26528.130400000002
25850.5,26554.658600000002
25850.5,26537.9434
25850.5,26469.240700000002
25850.5,26516.504199999996
25850.5,26520.759099999996
25850.5,26541.6475
25850.5,26478.814699999995
25850.5,26500.645499999995
25850.5,26499.8309
25850.5,26441.7312
25850.5,26513.065800000004
25850.5,26543.7265
25850.5,26511.1984
25850.5,26477.394000000008
25850.5,26508.139900000002
25850.5,26510.299999999996
25850.5,26535.242300000005
25850.5,26546.893200000002
25850.5,26482.479699999996
25850.5,26518.9326
25850.5,26486.761199999997
25850.5,26515.455600000005
25850.5,26520.0899
25850.5,26472.993199999997
25850.5,26464.6456
25850.5,26557.7412
25850.5,26554.6528
25850.5,26520.2364
25850.5,26559.926900000002
25850.5,26508.8495
25850.5,26512.0608
25850.5,26560.181399999994
25850.5,26455.7733
25850.5,26484.361100000002
25850.5,26516.791099999995
25850.5,26524.336400000007
25850.5,26490.7198
25850.5,26452.409599999995
25850.5,26577.203400000006
25850.5,26507.9364
25850.5,26480.027299999994
25850.5,26497.414899999996
25850.5,26496.454799999996
25850.5,26549.824499999995
25850.5,26498.725199999997
25850.5,26555.597
25850.5,26533.6105
25850.5,26455.311500000003
25850.5,26487.7181
25850.5,26527.2059
25850.5,26498.2308
25850.5,26551.8713
25850.5,26542.764999999996
25850.5,26461.531
25850.5,26506.827300000004
25850.5,26431.054200000002
25850.5,26465.567100000004
25850.5,26516.7146
25850.5,26488.8435
25850.5,26517.6565
25850.5,26488.9354
25850.5,26502.4446
25850.5,26490.1926
25850.5,26478.407800000004
25850.5,26503.658800000005
25850.5,26549.0161
25850.5,26473.189000000002
25850.5,26546.9816
25850.5,26540.991200000008
25850.5,26545.3407
25850.5,26506.7661
25850.5,26480.620199999998
25850.5,26494.0375
25850.5,26456.962300000003
25850.5,26554.8245
25850.5,26473.3062
25850.5,26541.373600000003
25850.5,26485.338100000004
25850.5,26516.863299999997
25850.5,26483.009100000003
25850.5,26431.912800000002
25850.5,26478.349200000004
25850.5,26565.415100000002
25850.5,26505.331599999998
25850.5,26517.632000000005
25850.5,26488.784800000005
25850.5,26491.683900000004
25850.5,26568.780500000004
25850.5,26539.695999999996
25850.5,26528.8862
25850.5,26514.4689
25850.5,26517.8669
25850.5,26500.790399999998
25850.5,26516.384000000002
25850.5,26490.872499999998
25850.5,26517.216500000002
25850.5,26495.4141
25850.5,26543.287499999995
25850.5,26504.170500000007
25850.5,26527.0131
25850.5,26526.8868
25850.5,26555.6037
25850.5,26508.343
25850.5,26539.955100000003
25850.5,26517.0543
25850.5,26562.5525
25850.5,26478.7235
25850.5,26562.448800000002
25850.5,26555.9886
25850.5,26540.8793
25850.5,26528.7228
25850.5,26474.3489
25850.5,26448.197500000002
25850.5,26503.096900000004
25850.5,26531.161599999992
25850.5,26533.4386
25850.5,26518.917200000004
25850.5,26494.256600000004
25850.5,26523.868300000002
25850.5,26550.848500000004
25850.5,26482.129800000002
25850.5,26518.570600000006
25850.5,26544.9994
25850.5,26514.348400000006
25850.5,26492.53450000001
25850.5,26544.0522
25850.5,26499.758400000002
25850.5,26474.449699999997
25850.5,26513.8483
25850.5,26508.589900000003
25850.5,26519.1178
25850.5,26533.1267
25850.5,26549.781299999995
25850.5,26482.358499999995
25850.5,26518.792299999994
25850.5,26530.1544
25850.5,26529.974599999998
25850.5,26498.5222
25850.5,26503.6452
25850.5,26513.9359
25850.5,26517.876200000006
25850.5,26470.533300000003
25850.5,26550.436900000008
25850.5,26485.361899999996
25850.5,26460.107900000003
25850.5,26515.4876
25850.5,26512.508
25850.5,26530.969399999994
25850.5,26446.805
25850.5,26466.4214
25850.5,26494.952299999997
25850.5,26541.535900000006
25850.5,26529.744199999997
25850.5,26473.8511
25850.5,26552.6683
25850.5,26512.965599999996
25850.5,26494.074800000002
25850.5,26568.32480000001
25850.5,26506.929900000006
25850.5,26507.8343
25850.5,26520.187700000002
25850.5,26476.64219999999
25850.5,26448.591999999997
25850.5,26564.363699999998
25850.5,26485.361599999997
25850.5,26548.432399999998
25850.5,26502.298100000004
25850.5,26508.762600000005
25850.5,26522.250000000007
25850.5,26464.226999999995
25850.5,26523.044199999997
25850.5,26482.713900000002
25850.5,26529.1001
25850.5,26536.6462
25850.5,26522.271300000004
25850.5,26504.259000000002
25850.5,26489.953100000006
25850.5,26480.692600000002
25850.5,26515.7966
25850.5,26540.354899999995
25850.5,26489.499900000003
25850.5,26523.535799999994
25850.5,26515.771300000004
25850.5,26520.656
25850.5,26468.2559
25850.5,26495.1815
25850.5,26506.828699999995
25850.5,26522.490899999997
25850.5,26510.523599999997
25850.5,26537.057699999998
25850.5,26458.184500000003
25850.5,26519.623700000004
25850.5,26487.8832
25850.5,26557.1213
25850.5,26555.4077
25850.5,26509.869899999998
25850.5,26513.9467
25850.5,26545.4961
25850.5,26528.5604
25850.5,26551.683500000003
25850.5,26484.649799999996
25850.5,26503.978399999993
25850.5,26582.85240000001
25850.5,26501.3791
25850.5,26542.551200000005
25850.5,26520.265499999998
25850.5,26574.7582
25850.5,26534.6309
25850.5,26510.891699999996
25850.5,26502.890300000006
25850.5,26476.6613
25850.5,26538.902200000004
25850.5,26480.1599
25850.5,26538.317
25850.5,26522.9579
25850.5,26542.014700000007
25850.5,26453.902200000004
25850.5,26536.053299999992
25850.5,26499.318000000007
25850.5,26506.920099999996
25850.5,26473.6246
25850.5,26567.1656
25850.5,26525.312799999996
25850.5,26531.588799999998
25850.5,26526.9778
25850.5,26505.910000000003
25850.5,26520.557200000003
25850.5,26489.063799999996
25850.5,26525.735800000002
25850.5,26487.9714
25850.5,26460.368600000005
25850.5,26592.450900000003
25850.5,26513.699
25850.5,26506.9157
25850.5,26482.515599999995
25850.5,26518.2361
25850.5,26519.343899999996
25850.5,26476.881000000005
25850.5,26513.6548
25850.5,26475.706199999997
25850.5,26543.203599999997
25850.5,26539.175199999998
25850.5,26526.301900000002
25850.5,26498.0408
25850.5,26485.860000000004
25850.5,26483.730799999998
25850.5,26515.945900000002
25850.5,26480.145499999995
25850.5,26490.9499
25850.5,26525.893699999997
25850.5,26484.4157
25850.5,26527.662399999994
25850.5,26453.9152
25850.5,26496.2609
25850.5,26540.36830000001
25850.5,26480.7913
25850.5,26543.373000000003
25850.5,26495.825699999998
25850.5,26558.7896
25850.5,26449.2364
25850.5,26523.1003
25850.5,26510.187999999995
25850.5,26508.424800000008
25850.5,26523.5319
25850.5,26465.236299999997
25850.5,26527.448000000004
25850.5,26508.55199999999
25850.5,26476.576399999998
25850.5,26482.175799999997
25850.5,26453.9324
25850.5,26485.744300000002
25850.5,26546.792200000004
25850.5,26449.345400000002
25850.5,26536.2449
25850.5,26543.2359
25850.5,26522.745800000004
25850.5,26496.026700000006
25850.5,26485.5976
25850.5,26548.762300000002
25850.5,26497.106700000004
25850.5,26452.726099999993
25850.5,26575.143900000006
25850.5,26479.777899999997
25850.5,26476.567900000002
25850.5,26506.8233
25850.5,26463.880199999996
25850.5,26521.166099999995
25850.5,26552.025
25850.5,26547.632300000005
25850.5,26505.1979
25850.5,26565.6016
25850.5,26530.722099999995
25850.5,26527.7917
25850.5,26485.688899999997
25850.5,26549.6959
25850.5,26504.6272
25850.5,26511.5012
25850.5,26530.5768
25850.5,26529.4206
25850.5,26534.4289
25850.5,26552.0106
25850.5,26539.782
25850.5,26518.0129
25850.5,26505.681900000003
25850.5,26492.430299999996
25850.5,26555.140999999996
25850.5,26508.496600000006
25850.5,26488.808499999996
25850.5,26504.791600000004
25850.5,26474.0672
25850.5,26565.803499999998
25850.5,26505.8568
25850.5,26504.836300000003
25850.5,26493.0316
25850.5,26508.1766
25850.5,26482.790199999996
25850.5,26559.592200000003
25850.5,26549.7609
25850.5,26532.841999999997
25850.5,26525.675000000007
25850.5,26540.754699999998
25850.5,26575.3292
25850.5,26552.4902
25850.5,26488.3207
25850.5,26503.179200000002
25850.5,26508.424700000003
25850.5,26532.288200000003
25850.5,26512.5564
25850.5,26503.545000000002
25850.5,26487.3617
25850.5,26503.2202
25850.5,26608.1589
25850.5,26529.6233
25850.5,26516.4015
25850.5,26580.938299999998
25850.5,26523.3734
25850.5,26552.341099999998
25850.5,26465.878999999997
25850.5,26532.423500000004
25850.5,26483.594399999994
25850.5,26519.5648
25850.5,26476.8881
25850.5,26519.072599999996
25850.5,26517.811200000004
25850.5,26509.583000000002
25850.5,26519.0896
25850.5,26500.4157
25850.5,26548.147999999997
25850.5,26505.253399999998
25850.5,26518.1832
25850.5,26549.558100000002
25850.5,26522.7902
25850.5,26561.006
25850.5,26519.448800000002
25850.5,26537.145299999996
25850.5,26520.893799999998
25850.5,26525.232099999994
25850.5,26524.215599999996
25850.5,26540.473500000004
25850.5,26522.817499999994
25850.5,26543.790400000005
25850.5,26473.534399999997
25850.5,26524.575600000004
25850.5,26505.972500000003
25850.5,26481.744399999996
25850.5,26472.1918
25850.5,26550.216800000006
25850.5,26514.203
25850.5,26553.886500000004
25850.5,26552.35240000001
25850.5,26482.6487
25850.5,26504.7976
25850.5,26539.4228
25850.5,26518.4722
25850.5,26497.699800000002
25850.5,26530.0956
25850.5,26468.555099999998
25850.5,26494.9953
25850.5,26517.117700000003
25850.5,26495.425700000003
25850.5,26523.0234
25850.5,26496.168200000004
25850.5,26501.4095
25850.5,26576.5501
25850.5,26504.3043
25850.5,26517.368100000003
25850.5,26538.5017
25850.5,26546.1068
25850.5,26569.407800000004
25850.5,26460.138499999994
25850.5,26519.438799999996
25850.5,26555.445999999996
25850.5,26488.2228
25850.5,26510.4493
25850.5,26515.308100000002
25850.5,26528.992799999996
25850.5,26545.082400000003
25850.5,26530.531399999996
25850.5,26512.7012
25850.5,26496.0876
25850.5,26486.45
25850.5,26505.7814
25850.5,26504.593799999995
25850.5,26495.656600000006
25850.5,26451.940099999996
25850.5,26460.656000000006
25850.5,26516.905700000003
25850.5,26536.488800000003
25850.5,26554.186600000005
25850.5,26519.7304
25850.5,26471.8918
25850.5,26424.169799999996
25850.5,26515.625299999996
25850.5,26477.447599999996
25850.5,26495.338800000005
25850.5,26512.829599999997
25850.5,26466.235399999998
25850.5,26488.305600000003
25850.5,26528.5261
25850.5,26503.920299999998
25850.5,26527.227800000004
25850.5,26500.309700000005
25850.5,26508.408799999997
25850.5,26521.376
25850.5,26511.508800000003
25850.5,26531.2402
25850.5,26522.214500000002
25850.5,26489.9573
25850.5,26511.487699999998
25850.5,26535.468100000006
25850.5,26500.526499999996
25850.5,26557.955299999994
25850.5,26479.041299999993
25850.5,26489.011299999995
25850.5,26517.233799999998
25850.5,26559.818099999997
25850.5,26549.8274
25850.5,26455.337000000007
25850.5,26444.632299999997
25850.5,26514.867899999994
25850.5,26470.413399999998
