BestFitnessMean,AverageFitnessMean
50597.2,87643.2801
44668.5,74011.79079999999
39310.3,63907.84110000002
36636.7,56463.00029999999
34302.7,50082.817599999995
32971.0,45922.887299999995
31376.45,42816.18020000001
29866.8,40629.585
29384.75,38944.6984
28689.6,37513.4699
27989.0,36192.5377
27426.85,34911.4164
27124.15,34112.297
26942.35,33328.34569999999
26698.1,32689.145900000003
26576.55,31802.673699999996
26467.05,31318.310799999996
26360.75,30660.755000000005
26257.9,30377.0925
26170.65,29910.1432
26122.25,29575.429300000007
26067.7,29332.792999999994
26039.45,28664.758
26015.2,28529.834899999998
26006.5,28212.320900000002
25985.8,28066.4657
25955.25,27730.681299999997
25940.8,27611.6977
25938.8,27702.375
25929.6,27724.021200000007
25914.55,27840.111399999994
25894.2,27893.013600000006
25894.2,27614.150800000003
25894.05,27305.674
25894.05,27183.3456
25889.6,26989.0455
25885.3,26949.817199999998
25885.3,26913.4398
25881.0,27038.1885
25881.0,26894.5921
25881.0,26791.3889
25881.0,26699.774600000004
25880.85,26674.971499999996
25872.65,26662.631399999995
25872.65,26564.563200000004
25872.65,26544.851300000002
25851.8,26634.682399999998
25851.8,26707.885900000005
25851.8,26773.991800000007
25851.8,26630.639600000002
25851.8,26741.205800000003
25851.8,26729.2088
25851.8,26706.624400000008
25851.8,26552.460400000004
25851.8,26535.708600000005
25851.8,26527.505399999995
25851.8,26489.910299999996
25851.8,26489.859399999998
25851.8,26506.325899999996
25851.8,26523.4528
25851.8,26549.6448
25851.8,26546.741300000005
25851.8,26524.1168
25851.8,26581.521
25851.8,26589.159200000002
25851.8,26584.0945
25851.8,26608.650500000007
25851.8,26579.3864
25851.8,26555.673100000004
25851.8,26505.4553
25851.8,26545.8509
25847.5,26567.059499999992
25847.5,26481.511
25847.5,26492.979
25847.5,26561.957300000002
25847.5,26589.974800000004
25847.5,26530.431900000003
25847.5,26590.6604
25847.5,26507.869899999998
25847.5,26537.177499999998
25847.5,26501.639800000004
25847.5,26502.658100000008
25847.5,26511.9512
25847.5,26527.628999999997
25847.5,26522.689899999998
25847.5,26506.0227
25847.5,26506.0636
25847.5,26502.8733
25847.5,26505.154000000002
25847.5,26505.319
25847.5,26538.938199999997
25847.5,26496.3875
25847.5,26539.124099999997
25847.5,26531.847499999996
25847.5,26504.1559
25847.5,26573.1665
25847.5,26502.968800000002
25847.5,26556.585700000003
25847.5,26532.8323
25847.5,26559.0386
25847.5,26491.4686
25847.5,26528.5441
25847.5,26477.788099999998
25847.5,26514.917799999996
25847.5,26491.4683
25847.5,26519.590000000007
25847.5,26545.3424
25847.5,26526.809599999997
25847.5,26523.413399999998
25847.5,26490.400199999993
25847.5,26500.023999999998
25847.5,26478.177099999994
25847.5,26516.786900000006
25847.5,26519.2777
25847.5,26550.705299999994
25847.5,26499.360599999996
25847.5,26518.4586
25847.5,26532.208999999995
25847.5,26519.1477
25847.5,26504.573000000004
25847.5,26536.537999999993
25847.5,26477.869
25847.5,26490.066400000003
25847.5,26499.239300000005
25847.5,26528.4916
25847.5,26480.3811
25847.5,26459.018499999995
25847.5,26555.934599999997
25847.5,26526.5414
25847.5,26489.860000000004
25847.5,26482.102499999997
25847.5,26475.835299999995
25847.5,26529.716600000003
25847.5,26537.250200000002
25847.5,26518.216400000005
25847.5,26481.358400000005
25847.5,26550.8957
25847.5,26518.448600000003
25847.5,26519.141000000003
25847.5,26497.956400000003
25847.5,26552.772599999997
25847.5,26539.6848
25847.5,26532.031499999994
25847.5,26509.917600000004
25847.5,26523.6587
25847.5,26499.850300000002
25847.5,26518.556
25847.5,26510.1475
25847.5,26475.911100000005
25847.5,26512.569799999997
25847.5,26516.031199999998
25847.5,26492.938299999998
25847.5,26598.8053
25847.5,26555.5202
25847.5,26545.3911
25847.5,26512.312400000003
25847.5,26536.590200000006
25847.5,26491.7816
25847.5,26546.458800000004
25847.5,26527.856600000006
25847.5,26533.2171
25847.5,26502.095400000002
25847.5,26541.0893
25847.5,26542.962300000003
25847.5,26539.378600000004
25847.5,26543.474800000007
25847.5,26467.280900000005
25847.5,26522.0039
25847.5,26539.4349
25847.5,26500.118599999998
25847.5,26528.641499999998
25847.5,26505.339400000004
25847.5,26498.1046
25847.5,26500.2817
25847.5,26492.971899999997
25847.5,26484.552900000002
25847.5,26549.556699999997
25847.5,26513.157199999998
25847.5,26500.7674
25847.5,26471.05
25847.5,26532.38659999999
25847.5,26547.4986
25847.5,26495.0645
25847.5,26565.681700000005
25847.5,26539.45460000001
25847.5,26525.0599
25847.5,26509.899200000003
25847.5,26532.1674
25847.5,26509.6037
25847.5,26476.7152
25847.5,26480.181800000002
25847.5,26581.692699999996
25847.5,26543.218
25847.5,26499.058500000003
25847.5,26509.377899999992
25847.5,26480.699399999994
25847.5,26550.024400000002
25847.5,26475.019699999997
25847.5,26458.8139
25847.5,26469.854899999995
25847.5,26531.78
25847.5,26505.118200000004
25847.5,26505.4195
25847.5,26533.0703
25847.5,26578.9383
25847.5,26531.68570000001
25847.5,26468.460000000003
25847.5,26565.136199999997
25847.5,26519.949299999997
25847.5,26508.8985
25847.5,26533.681099999998
25847.5,26563.052799999998
25847.5,26522.855900000002
25847.5,26508.428399999997
25847.5,26505.853499999997
25847.5,26506.327500000003
25847.5,26469.779000000002
25847.5,26555.448800000002
25847.5,26481.019500000002
25847.5,26542.517400000004
25847.5,26521.779499999997
25847.5,26511.638199999998
25847.5,26535.689800000004
25847.5,26508.508299999998
25847.5,26500.3505
25847.5,26454.4673
25847.5,26499.212900000002
25847.5,26540.0896
25847.5,26489.6979
25847.5,26507.284499999998
25847.5,26449.692100000004
25847.5,26536.193699999996
25847.5,26553.3908
25847.5,26456.5505
25847.5,26560.479499999998
25847.5,26574.9138
25847.5,26519.0835
25847.5,26496.547699999996
25847.5,26522.138400000003
25847.5,26527.566499999997
25847.5,26543.956200000004
25847.5,26565.7529
25847.5,26552.066699999996
25847.5,26517.446999999996
25847.5,26508.873700000004
25847.5,26501.370700000007
25847.5,26520.7559
25847.5,26502.355799999998
25847.5,26564.728599999995
25847.5,26530.027499999997
25847.5,26507.9769
25847.5,26495.13889999999
25847.5,26513.595500000003
25847.5,26585.730700000004
25847.5,26512.467099999998
25847.5,26554.668299999998
25847.5,26514.552400000004
25847.5,26539.2488
25847.5,26526.0478
25847.5,26588.77199999999
25847.5,26519.420800000004
25847.5,26551.750300000003
25847.5,26529.162
25847.5,26548.279299999995
25847.5,26504.992899999994
25847.5,26566.361599999997
25847.5,26553.976400000003
25847.5,26490.708300000006
25847.5,26529.1093
25847.5,26488.055
25847.5,26556.707399999996
25847.5,26581.578800000007
25847.5,26552.931
25847.5,26554.0157
25847.5,26535.9733
25847.5,26546.4097
25847.5,26457.283799999997
25847.5,26501.1276
25847.5,26488.547000000002
25847.5,26515.9093
25847.5,26526.659399999997
25847.5,26502.3558
25847.5,26517.5022
25847.5,26461.477600000002
25847.5,26522.461000000003
25847.5,26482.8048
25847.5,26511.442300000006
25847.5,26494.590999999997
25847.5,26512.5496
25847.5,26527.662100000005
25847.5,26450.676199999998
25847.5,26600.954699999995
25847.5,26509.747700000007
25847.5,26560.125900000003
25847.5,26486.337899999995
25847.5,26523.1985
25847.5,26492.814099999996
25847.5,26523.166699999994
25847.5,26503.0049
25847.5,26539.620999999996
25847.5,26529.599700000002
25847.5,26485.7937
25847.5,26497.1681
25847.5,26467.3439
25847.5,26526.7315
25847.5,26541.3979
25847.5,26549.788500000002
25847.5,26506.278299999998
25847.5,26495.9414
25847.5,26478.365
25847.5,26550.179799999994
25847.5,26549.525399999995
25847.5,26533.3856
25847.5,26527.8589
25847.5,26512.695399999997
25847.5,26503.3341
25847.5,26495.4297
25847.5,26549.169099999992
25847.5,26541.318099999997
25847.5,26468.5323
25847.5,26559.637199999997
25847.5,26538.611599999997
25847.5,26490.9716
25847.5,26516.8807
25847.5,26521.716800000002
25847.5,26476.296500000004
25847.5,26570.6452
25847.5,26541.187599999997
25847.5,26477.0126
25847.5,26521.972100000003
25847.5,26462.7033
25847.5,26547.428400000004
25847.5,26490.152300000005
25847.5,26478.104
25847.5,26511.604600000002
25847.5,26522.942999999992
25847.5,26561.1945
25847.5,26573.796899999998
25847.5,26527.4414
25847.5,26631.986000000004
25847.5,26603.488100000006
25847.5,26563.564300000005
25847.5,26528.1064
25847.5,26531.8154
25847.5,26556.289500000003
25847.5,26508.883099999995
25847.5,26491.584899999998
25847.5,26497.023500000003
25847.5,26538.580800000003
25847.5,26503.6403
25847.5,26496.272199999996
25847.5,26542.303399999997
25847.5,26558.95769999999
25847.5,26531.7109
25847.5,26499.3727
25847.5,26528.4081
25847.5,26556.956199999997
25847.5,26531.198299999996
25847.5,26510.794399999995
25847.5,26543.990499999996
25847.5,26524.1417
25847.5,26488.970599999993
25847.5,26533.549
25847.5,26524.767200000002
25847.5,26508.6681
25847.5,26525.9701
25847.5,26509.730100000004
25847.5,26527.293700000002
25847.5,26485.3376
25847.5,26555.873500000005
25847.5,26537.075
25847.5,26478.263199999998
25847.5,26494.471100000002
25847.5,26531.0124
25847.5,26497.1232
25847.5,26463.727900000005
25847.5,26505.005499999992
25847.5,26492.6107
25847.5,26505.511700000003
25847.5,26541.1849
25847.5,26499.307900000003
25847.5,26496.170399999995
25847.5,26464.572699999997
25847.5,26542.7972
25847.5,26536.6375
25847.5,26513.426400000004
25847.5,26543.9391
25847.5,26495.005599999997
25847.5,26500.880400000002
25847.5,26608.917599999997
25847.5,26522.991599999998
25847.5,26562.950600000004
25847.5,26525.259199999993
25847.5,26481.911099999998
25847.5,26467.894100000005
25847.5,26524.2627
25847.5,26492.875299999992
25847.5,26490.199199999995
25847.5,26515.917999999994
25847.5,26475.5717
25847.5,26541.065000000002
25847.5,26517.709400000003
25847.5,26513.7014
25847.5,26533.9576
25847.5,26533.356999999996
25847.5,26508.129399999994
25847.5,26503.256599999993
25847.5,26536.386000000006
25847.5,26560.888100000004
25847.5,26554.988399999995
25847.5,26549.241
25847.5,26533.5602
25847.5,26533.8838
25847.5,26506.262800000004
25847.5,26525.156799999997
25847.5,26505.614999999998
25847.5,26479.526900000004
25847.5,26521.348300000005
25847.5,26593.979600000002
25847.5,26458.803999999993
25847.5,26513.289800000006
25847.5,26574.393200000002
25847.5,26519.856700000004
25847.5,26511.1107
25847.5,26524.586099999997
25847.5,26532.091800000002
25847.5,26558.680100000005
25847.5,26468.3562
25847.5,26515.828100000002
25847.5,26544.869899999998
25847.5,26489.675300000003
25847.5,26544.911
25847.5,26489.8565
25847.5,26489.2704
25847.5,26528.507900000004
25847.5,26552.209900000005
25847.5,26529.849800000004
25847.5,26517.172
25847.5,26557.0136
25847.5,26500.8321
25847.5,26465.479099999997
25847.5,26514.8006
25847.5,26572.137300000002
25847.5,26597.909600000003
25847.5,26470.6897
25847.5,26494.381400000002
25847.5,26503.590800000005
25847.5,26506.1436
25847.5,26532.6947
25847.5,26555.803600000003
25847.5,26540.195799999998
25847.5,26496.3489
25847.5,26480.517400000004
25847.5,26581.505199999996
25847.5,26543.5202
25847.5,26510.286699999997
25847.5,26573.846100000002
25847.5,26547.661699999997
25847.5,26568.799500000005
25847.5,26478.9338
25847.5,26476.6458
25847.5,26548.681900000003
25847.5,26510.550200000005
25847.5,26550.7786
25847.5,26499.255599999997
25847.5,26546.3375
25847.5,26526.083899999998
25847.5,26505.949699999997
25847.5,26548.864
25847.5,26537.0654
25847.5,26494.148500000003
25847.5,26512.7137
25847.5,26514.4048
25847.5,26545.5556
25847.5,26498.0419
25847.5,26561.846299999997
25847.5,26523.6559
25847.5,26543.625599999992
25847.5,26507.848199999997
25847.5,26474.7404
25847.5,26522.677699999993
25847.5,26499.5637
25847.5,26551.328700000005
25847.5,26514.246499999997
25847.5,26545.1258
25847.5,26559.4242
25847.5,26538.857800000005
25847.5,26488.2918
25847.5,26536.176400000004
25847.5,26534.574199999995
25847.5,26505.2312
25847.5,26525.365699999995
25847.5,26501.154099999996
25847.5,26516.958599999994
25847.5,26566.571299999992
25847.5,26464.189000000002
25847.5,26495.0843
25847.5,26500.5157
25847.5,26503.462600000006
25847.5,26483.1824
25847.5,26480.38839999999
25847.5,26505.349799999996
25847.5,26568.2051
25847.5,26502.3911
25847.5,26522.755100000002
25847.5,26539.205299999994
25847.5,26583.971899999997
25847.5,26478.6114
25847.5,26458.254799999995
25847.5,26514.467800000002
25847.5,26548.8256
25847.5,26525.953700000002
25847.5,26493.919400000002
25847.5,26531.178200000002
25847.5,26510.772399999994
25847.5,26503.800700000003
25847.5,26455.243299999995
25847.5,26514.323000000004
25847.5,26549.3374
25847.5,26529.797499999993
25847.5,26495.404099999996
25847.5,26487.7374
25847.5,26515.663699999994
25847.5,26532.145
25847.5,26528.837199999998
25847.5,26501.953700000002
25847.5,26517.6946
25847.5,26561.309
25847.5,26507.076900000004
25847.5,26504.1653
25847.5,26517.5604
25847.5,26482.6097
25847.5,26532.365499999996
25847.5,26537.983500000002
25847.5,26484.757099999995
25847.5,26575.701099999995
25847.5,26512.560600000004
25847.5,26482.635100000003
25847.5,26505.952099999995
25847.5,26511.582000000002
25847.5,26517.973899999994
25847.5,26552.657399999996
25847.5,26508.096900000004
25847.5,26587.381200000003
25847.5,26578.831899999997
25847.5,26490.2823
25847.5,26533.4593
25847.5,26471.514799999997
25847.5,26493.732800000005
25847.5,26522.068099999997
25847.5,26530.892499999998
25847.5,26520.912099999998
25847.5,26509.8315
25847.5,26519.190099999996
25847.5,26558.219999999994
25847.5,26506.6267
25847.5,26516.0794
25847.5,26550.5997
25847.5,26540.458499999997
25847.5,26547.1897
25847.5,26486.0237
25847.5,26560.369599999998
25847.5,26437.231100000005
25847.5,26473.316600000002
25847.5,26539.8088
25847.5,26546.545299999998
25847.5,26519.4404
25847.5,26517.05
25847.5,26525.214399999997
25847.5,26464.9986
25847.5,26542.474800000004
25847.5,26533.2563
25847.5,26529.1779
25847.5,26547.355699999996
25847.5,26556.639099999993
25847.5,26527.0702
25847.5,26519.730300000003
25847.5,26560.329500000003
25847.5,26529.507
25847.5,26539.801699999993
25847.5,26517.779700000003
25847.5,26537.5974
25847.5,26522.1103
25847.5,26545.5866
25847.5,26541.777299999998
25847.5,26527.318300000003
25847.5,26478.460700000003
25847.5,26502.2098
25847.5,26529.421299999998
25847.5,26492.5006
25847.5,26573.0832
25847.5,26520.908400000004
25847.5,26513.637899999994
25847.5,26572.3893
25847.5,26512.512199999997
25847.5,26524.8816
25847.5,26544.589799999998
25847.5,26521.7988
25847.5,26443.845899999997
25847.5,26488.917999999994
25847.5,26543.542800000003
25847.5,26570.044800000003
25847.5,26531.479699999996
25847.5,26501.1266
25847.5,26559.925800000005
25847.5,26502.5255
25847.5,26481.507099999995
25847.5,26500.9044
25847.5,26504.1091
25847.5,26517.3019
25847.5,26501.969300000004
25847.5,26566.4168
25847.5,26512.6532
25847.5,26549.670000000006
25847.5,26499.913999999997
25847.5,26494.886300000002
25847.5,26534.3617
25847.5,26509.3719
25847.5,26542.161
25847.5,26558.0354
25847.5,26552.4815
25847.5,26536.424600000006
25847.5,26491.576399999998
25847.5,26454.60560000001
25847.5,26547.3595
25847.5,26503.030100000004
25847.5,26519.528899999998
25847.5,26491.5212
25847.5,26505.240899999993
25847.5,26532.042299999994
25847.5,26549.1846
25847.5,26461.990299999998
25847.5,26495.6567
25847.5,26543.220700000005
25847.5,26551.0227
25847.5,26528.9087
25847.5,26527.542599999997
25847.5,26496.2053
25847.5,26559.292999999998
25847.5,26577.050799999997
25847.5,26542.8572
25847.5,26507.253600000004
25847.5,26502.5598
25847.5,26506.797599999998
25847.5,26514.836700000003
25847.5,26470.7103
25847.5,26502.343799999995
25847.5,26564.9722
25847.5,26491.9544
25847.5,26499.9998
25847.5,26550.656899999994
25847.5,26517.8739
25847.5,26530.194800000005
25847.5,26582.679299999996
25847.5,26478.153899999994
25847.5,26525.294899999997
25847.5,26506.3842
25847.5,26531.410200000002
25847.5,26508.236400000005
25847.5,26487.313399999995
25847.5,26530.475000000006
25847.5,26489.537699999997
25847.5,26448.3917
25847.5,26587.691400000003
25847.5,26564.529100000003
25847.5,26509.0954
25847.5,26578.3434
25847.5,26472.4279
25847.5,26547.452800000006
25847.5,26503.061799999996
25847.5,26522.1618
25847.5,26454.238399999995
25847.5,26545.047099999996
25847.5,26516.7455
25847.5,26475.004100000002
25847.5,26498.272399999998
25847.5,26506.2649
25847.5,26489.033800000005
25847.5,26452.0027
25847.5,26495.943099999997
25847.5,26539.2772
25847.5,26534.4793
25847.5,26547.927000000003
25847.5,26477.442000000003
25847.5,26537.0282
25847.5,26529.8532
25847.5,26529.461600000002
25847.5,26528.168200000007
25847.5,26553.1887
25847.5,26478.759500000004
25847.5,26540.2022
25847.5,26496.6147
25847.5,26586.602800000004
25847.5,26489.276000000005
25847.5,26484.188199999997
25847.5,26495.0468
25847.5,26508.3298
25847.5,26526.357800000005
25847.5,26484.255599999997
25847.5,26511.7443
25847.5,26477.165100000002
25847.5,26563.086400000007
25847.5,26463.9767
25847.5,26545.859600000003
25847.5,26494.282099999993
25847.5,26598.729099999997
25847.5,26494.5516
25847.5,26491.102700000007
25847.5,26500.324399999994
25847.5,26516.875200000002
25847.5,26507.4841
25847.5,26454.5737
25847.5,26497.119499999993
25847.5,26516.292999999998
25847.5,26534.8235
25847.5,26508.998
25847.5,26518.865099999995
25847.5,26491.607399999997
25847.5,26512.293899999997
25847.5,26552.3254
25847.5,26492.448599999996
25847.5,26546.425199999998
25847.5,26526.700800000002
25847.5,26509.792800000007
25847.5,26525.279199999997
25847.5,26541.971899999993
25847.5,26524.7522
25847.5,26532.5854
25847.5,26539.157600000006
25847.5,26531.044200000004
25847.5,26511.96880000001
25847.5,26525.907199999998
25847.5,26515.7071
25847.5,26538.1452
25847.5,26483.633400000002
25847.5,26508.180299999996
25847.5,26510.985699999997
25847.5,26508.4728
25847.5,26520.377600000007
25847.5,26484.7694
25847.5,26484.4753
25847.5,26465.675700000003
25847.5,26561.217199999996
25847.5,26572.317699999996
25847.5,26500.587899999995
25847.5,26541.348100000003
25847.5,26480.455200000004
25847.5,26537.717800000002
25847.5,26511.6344
25847.5,26551.020900000003
25847.5,26454.762800000004
25847.5,26517.7521
25847.5,26505.805500000006
25847.5,26526.727599999995
25847.5,26571.295099999996
25847.5,26506.889999999996
25847.5,26495.2974
25847.5,26505.551799999994
25847.5,26549.8909
25847.5,26488.847999999998
25847.5,26545.3548
25847.5,26500.235500000003
25847.5,26544.7351
25847.5,26549.888
25847.5,26525.005800000006
25847.5,26501.213600000006
25847.5,26514.942
25847.5,26505.342000000004
25847.5,26459.643399999994
25847.5,26499.4789
25847.5,26518.115299999998
25847.5,26524.028599999998
25847.5,26506.04859999999
25847.5,26501.002199999995
25847.5,26506.525100000006
25847.5,26486.9441
25847.5,26517.938799999996
25847.5,26489.719
25847.5,26567.1319
25847.5,26505.660200000002
25847.5,26511.412000000004
25847.5,26477.4483
25847.5,26534.850600000005
25847.5,26508.5366
25847.5,26527.8721
25847.5,26542.375699999997
25847.5,26485.3356
25847.5,26540.5168
25847.5,26510.766499999998
25847.5,26524.3564
25847.5,26501.6346
25847.5,26473.228600000002
25847.5,26519.5827
25847.5,26451.072600000007
25847.5,26559.15
25847.5,26535.1889
25847.5,26512.342299999997
25847.5,26516.201299999997
25847.5,26496.306699999997
25847.5,26557.204799999996
25847.5,26557.5394
25847.5,26561.8572
25847.5,26560.186800000003
25847.5,26522.422400000003
25847.5,26592.174699999996
25847.5,26519.581499999993
25847.5,26536.641400000004
25847.5,26491.8766
25847.5,26483.2937
25847.5,26575.8485
25847.5,26531.300800000005
25847.5,26466.4061
25847.5,26486.117500000004
25847.5,26541.4499
25847.5,26508.599000000006
25847.5,26487.938999999995
25847.5,26471.6616
25847.5,26502.535199999995
25847.5,26490.804000000004
25847.5,26466.055700000004
25847.5,26510.1233
25847.5,26520.2582
25847.5,26476.1744
25847.5,26562.375
25847.5,26526.767199999995
25847.5,26499.377099999994
25847.5,26534.964799999998
25847.5,26496.137
25847.5,26455.126000000007
25847.5,26563.109999999997
25847.5,26569.879000000004
25847.5,26528.031
25847.5,26503.057999999997
25847.5,26519.2304
25847.5,26503.2866
25847.5,26520.8826
25847.5,26555.8027
25847.5,26457.914500000003
25847.5,26512.894600000007
25847.5,26541.4369
25847.5,26514.5288
25847.5,26502.7112
25847.5,26535.344600000004
25847.5,26494.409900000006
25847.5,26556.1395
25847.5,26481.770000000008
25847.5,26510.0081
25847.5,26565.0092
25847.5,26551.441899999998
25847.5,26465.493800000004
25847.5,26536.791500000003
25847.5,26450.497000000003
25847.5,26524.973100000003
25847.5,26519.370000000003
25847.5,26514.094999999994
25847.5,26546.741799999996
25847.5,26512.4831
25847.5,26521.5749
25847.5,26519.387599999995
25847.5,26560.401299999998
25847.5,26500.9588
25847.5,26499.781399999996
25847.5,26494.4977
25847.5,26443.197199999995
25847.5,26515.380200000003
25847.5,26477.1429
25847.5,26501.250899999995
25847.5,26539.755800000003
25847.5,26526.0235
25847.5,26555.521599999996
25847.5,26480.172
25847.5,26464.927400000004
25847.5,26524.4391
25847.5,26502.370199999998
25847.5,26488.2891
25847.5,26445.115999999998
25847.5,26526.4118
25847.5,26498.288699999997
25847.5,26588.6953
25847.5,26544.5784
25847.5,26550.8609
25847.5,26542.3353
25847.5,26470.590000000004
25847.5,26491.753999999997
25847.5,26540.822399999997
25847.5,26506.975599999998
25847.5,26510.440499999997
25847.5,26440.586600000002
25847.5,26495.867800000007
25847.5,26573.107899999995
25847.5,26521.063200000004
25847.5,26525.697400000005
25847.5,26522.3064
25847.5,26492.6561
25847.5,26518.9949
25847.5,26551.143899999995
25847.5,26575.631299999997
25847.5,26505.242699999995
25847.5,26498.3887
25847.5,26520.0185
25847.5,26459.222199999997
25847.5,26515.964699999993
25847.5,26513.2679
25847.5,26540.458899999998
25847.5,26591.878699999994
25847.5,26531.45339999999
25847.5,26538.614800000003
25847.5,26506.0686
25847.5,26500.335400000004
25847.5,26481.8752
25847.5,26543.064899999998
25847.5,26486.8466
25847.5,26502.028599999998
25847.5,26514.732799999998
25847.5,26511.463300000003
25847.5,26459.1338
25847.5,26521.4538
25847.5,26563.110200000003
25847.5,26541.3168
25847.5,26513.644500000006
25847.5,26483.116299999994
25847.5,26542.376699999993
25847.5,26508.9199
25847.5,26484.193400000007
25847.5,26557.208800000004
25847.5,26549.928200000002
25847.5,26505.6383
25847.5,26524.5456
25847.5,26504.6567
25847.5,26508.386500000004
25847.5,26512.8156
25847.5,26546.3356
25847.5,26548.097500000003
25847.5,26509.012400000007
25847.5,26547.955799999996
25847.5,26600.1546
25847.5,26480.671399999992
25847.5,26519.932700000005
25847.5,26506.0731
25847.5,26539.17100000001
25847.5,26547.443100000004
25847.5,26466.713599999995
25847.5,26508.1034
25847.5,26505.930099999998
25847.5,26525.1914
25847.5,26502.4379
25847.5,26521.4359
25847.5,26479.09479999999
25847.5,26515.518
25847.5,26510.4635
25847.5,26533.446000000004
25847.5,26546.373700000004
25847.5,26548.342000000004
25847.5,26566.745199999998
25847.5,26489.0125
25847.5,26515.239999999998
25847.5,26562.415400000005
25847.5,26563.44439999999
25847.5,26531.5472
25847.5,26496.726400000003
25847.5,26504.469300000004
25847.5,26492.785499999998
25847.5,26476.723599999998
25847.5,26518.0654
25847.5,26488.957999999995
25847.5,26519.729999999992
25847.5,26547.0207
25847.5,26527.8865
25847.5,26476.2692
25847.5,26472.773599999997
25847.5,26572.752400000005
25847.5,26527.756700000005
25847.5,26521.335600000002
25847.5,26530.577900000004
25847.5,26509.660799999994
25847.5,26555.4585
25847.5,26495.8464
25847.5,26528.2165
25847.5,26482.144500000002
25847.5,26497.171299999998
25847.5,26485.586700000003
25847.5,26512.0523
25847.5,26515.198699999997
25847.5,26518.860400000005
25847.5,26552.976099999993
25847.5,26541.7293
25847.5,26553.8321
25847.5,26506.471300000005
25847.5,26483.098699999995
25847.5,26530.016600000003
25847.5,26509.163699999997
25847.5,26547.131100000006
25847.5,26525.074799999995
25847.5,26487.8987
25847.5,26465.993799999997
25847.5,26547.4886
25847.5,26554.541599999997
25847.5,26520.1707
25847.5,26556.245600000002
25847.5,26571.901999999995
