BestFitnessMean,AverageFitnessMean
50443.05,87570.9307
47590.15,82478.66260000001
44944.45,78786.1745
44048.8,75950.66260000001
41469.35,73239.2224
39475.05,70752.8594
38566.25,68976.7641
38006.95,66983.1992
37166.75,65439.13949999999
36641.0,64055.66429999999
35835.8,62805.1157
34593.9,61631.54919999999
34233.05,60680.358199999995
34111.55,59969.8765
33657.8,59158.60599999999
33456.55,58606.97749999999
33222.15,57905.22849999999
32703.2,57479.0785
32355.4,57127.6654
32299.9,56725.74960000002
32024.15,56491.59109999998
31907.65,56222.6696
31751.1,56157.197100000005
31648.55,56016.660099999994
31460.65,55695.7221
31414.35,55511.111699999994
31278.0,55516.7613
31260.0,55376.25029999999
31506.1,55147.6137
31338.0,55032.241500000004
31336.65,54727.5384
31310.05,54237.5543
31068.1,54049.1743
30791.2,54009.326400000005
30746.7,53842.4431
30662.6,53876.1253
30619.15,53526.24889999999
30592.9,53433.7864
30559.8,53438.361
30542.45,53398.556
30379.95,53260.3489
30435.75,53291.3772
30138.6,53276.81800000001
30081.05,53385.930900000014
30024.3,53373.90699999999
29929.15,53529.62320000001
29910.95,53532.7949
29884.75,53595.83359999999
29858.4,53671.657499999994
29858.4,53696.3321
29859.4,53544.31309999999
30005.35,53482.50519999999
29994.85,53371.10400000001
29859.45,53257.2877
29847.7,53026.3159
29935.15,53020.78170000001
29910.6,52984.369999999995
29820.1,52953.61469999999
29862.25,52881.27080000001
29836.85,52931.5748
29821.4,52724.957700000006
29907.45,52680.94010000001
29896.8,52881.80699999999
29942.8,52837.599599999994
29797.25,52788.4746
29685.45,52649.054800000005
29673.4,52639.4844
29570.85,52651.894499999995
29564.95,52761.7015
29605.25,52786.02829999999
29549.65,52889.231799999994
29486.1,52894.6781
29463.4,52857.11260000001
29418.25,52789.2466
29417.05,52795.8778
29306.15,52854.825600000004
29290.3,52645.592000000004
29425.05,52653.65
29412.8,52761.96499999999
29410.85,52709.58110000001
29257.25,52591.78740000001
29201.1,52677.8967
29201.1,52614.3921
29345.55,52581.0677
29428.75,52639.79850000001
29428.25,52591.610600000015
29298.2,52547.30279999999
29146.85,52658.457299999995
29138.55,52700.2847
29131.85,52771.85040000001
29236.1,52752.4735
29112.3,52846.201
29039.5,52808.5892
29017.55,52821.208900000005
29078.95,52926.68269999999
29012.55,53019.4208
28984.35,52944.0432
29369.4,53039.847499999996
29295.4,52980.64030000001
29050.85,53015.2478
29044.3,52784.80010000001
29043.5,52952.46209999999
29120.85,52933.9036
29120.85,52797.72190000002
29333.05,52819.30819999999
29306.7,52745.083999999995
29235.35,52796.84790000001
29185.5,52852.09090000001
29103.45,52940.54
28952.05,52878.66640000001
28987.15,52744.26920000002
28938.9,52630.208999999995
28960.15,52825.4348
29134.0,52702.581900000005
28830.75,52398.445499999994
28822.0,52382.28750000001
29334.0,52636.6002
29322.0,52609.906500000005
29168.9,52682.789399999994
29168.9,52605.56220000001
29162.6,52761.6593
28985.95,52729.31880000001
28971.35,52917.5451
28981.75,52962.838
28927.75,53054.613399999995
28869.8,53198.460999999996
28869.65,53127.96810000001
28855.65,53216.5661
28973.95,53223.905199999994
28973.95,52970.0015
29121.45,52578.8398
29130.2,52521.121
29126.7,52365.10480000001
29087.55,52484.41040000001
29086.7,52448.201899999985
29063.55,52356.98959999999
29118.5,51912.819800000005
29447.65,51965.8265
29191.45,51998.4278
29205.15,52023.786100000005
29032.5,51850.9004
29032.5,51898.201499999996
28897.55,51940.479
28871.4,52173.000700000004
29379.25,52148.03399999999
29082.8,52322.197900000014
28947.25,52408.53079999999
29012.35,52464.855200000005
28910.9,52622.791999999994
28844.7,52565.3439
28843.8,52634.03609999999
28695.75,52555.29040000001
28952.4,52446.19179999999
28944.05,52302.984200000006
29021.85,52337.54489999999
28816.0,52286.58499999999
28651.2,52251.5123
28451.9,52532.2245
28451.9,52474.79110000001
28427.5,52787.4383
28698.35,52936.48060000001
28853.5,52948.203799999996
28788.8,53025.03409999999
28777.5,53030.0904
28777.35,52963.1749
28733.85,52860.8382
28727.0,52837.519700000004
28597.2,52555.6033
28603.8,52439.99069999999
28518.15,52281.82269999999
28442.5,52329.6427
28438.8,52289.63470000001
28423.7,52327.6641
28423.7,52433.94670000001
28423.7,52448.70410000001
28423.7,52391.66470000001
28427.5,52667.5331
28414.9,52671.0797
28355.55,52846.9881
28352.0,52849.655099999996
28503.7,52707.171899999994
28469.4,52737.366299999994
28457.25,52655.518299999996
28457.25,52512.47439999999
28440.35,52493.4954
28434.05,52579.561300000016
28685.3,52438.6172
28482.2,52420.018000000004
28471.85,52373.627199999995
28718.4,52355.000400000004
28850.05,52269.275400000006
28732.5,52303.30209999999
28716.6,52453.583
28709.75,52356.6031
28645.2,52425.8484
28640.7,52442.3559
28734.2,52525.950800000006
29332.45,52582.7468
29327.75,52811.3919
29193.7,52860.325300000004
29059.55,52845.4262
29055.35,52811.2785
29210.5,52972.3093
29200.2,53005.1953
29283.15,53022.8974
29276.4,53073.084999999985
29066.9,52722.259600000005
29051.05,52750.724
29038.8,52648.36059999999
28943.25,52526.0416
28920.55,52619.78869999999
28920.55,52674.6903
28865.2,52547.57030000001
28865.2,52543.561
28865.2,52646.36540000001
28837.7,52551.1474
28825.4,52573.0444
28771.3,52535.206699999995
28767.4,52701.968099999984
28731.4,52709.442299999995
28711.35,52712.03170000001
28700.3,52633.0169
28654.65,52548.8096
28903.4,52602.25299999999
28860.95,52642.985400000005
28792.05,52761.599
28772.75,52808.48920000001
28772.75,52946.223699999995
28772.75,52881.533299999996
28761.7,52844.2154
28963.4,52763.2533
28963.4,52638.46960000001
28963.4,52614.262800000004
29041.3,52743.96339999999
28988.85,52660.40169999999
28850.75,52453.1389
28838.65,52540.1547
28827.25,52418.62549999999
28804.15,52285.615000000005
28748.4,52196.16369999999
28709.65,52098.02889999999
28695.2,52197.70220000001
28837.7,52204.21280000001
28753.8,52346.6835
28703.85,52328.763
28918.25,52232.9549
28969.75,52493.35039999998
29305.55,52573.4037
29261.2,52698.17509999999
29126.75,52636.162999999986
29085.3,52853.5289
29018.8,52851.109899999996
29118.0,52828.1863
29084.3,52790.94
29089.1,52592.6801
29077.0,52737.132699999995
29077.0,52755.6409
29077.0,52691.2876
29121.25,52488.984899999996
28958.35,52471.815800000004
28958.35,52348.54410000001
28958.35,52128.30559999999
28954.25,52168.9113
28950.0,52071.85860000001
28943.5,52039.1965
28889.45,52043.107
28889.45,52289.945700000004
29047.75,52223.16390000001
29140.45,52283.29009999999
29063.2,52456.052899999995
29005.3,52476.1228
28991.0,52559.243
28812.2,52680.78570000001
28812.2,52796.984399999994
28797.6,53049.4579
28858.85,52825.22899999999
28797.65,52660.179299999996
28797.65,52638.0056
28919.65,52714.860100000005
28931.2,52667.2194
28918.35,52677.3365
28800.95,52609.9628
28750.35,52432.9228
28734.85,52265.40019999999
28964.6,52197.5457
28851.7,52222.582800000004
28791.5,52096.66160000001
28738.05,52088.301100000004
28792.0,52184.85550000001
28677.4,52281.62100000001
28957.3,52559.61779999999
28968.4,52504.4625
28848.55,52728.5816
28792.5,52735.22679999999
28716.75,52572.346999999994
28683.95,52628.267700000004
28652.25,52568.61289999999
28655.95,52590.9592
28655.95,52557.88230000001
28661.55,52318.795
28789.75,52135.8446
29081.2,52000.42169999999
29023.0,51905.73390000001
29243.5,51947.3865
29199.6,52013.4707
29156.15,51943.412
29098.4,51828.1302
28999.5,51724.52329999999
28946.1,51636.73
28829.9,51752.468100000006
28811.8,51758.84259999999
28801.8,51855.0595
28807.55,51680.684399999984
28796.1,51912.15579999999
28789.6,52125.4421
28664.3,52173.69520000001
28664.3,52225.373
28658.45,52327.168399999995
28644.6,52261.23159999999
28636.15,52223.12919999999
28728.35,52341.40119999999
28638.4,52314.961899999995
28455.5,52386.78069999999
28380.65,52156.3069
28374.45,52324.479600000006
28357.15,52210.55490000001
28334.8,52116.7706
28326.2,52255.097100000006
28314.4,52124.5076
28303.55,52188.736300000004
28295.35,52079.4833
28269.95,52040.30130000001
28463.6,51989.56909999999
28456.6,51994.765
28456.6,52091.9272
28309.65,52116.5128
28309.65,52214.010800000004
28206.95,52310.6592
28197.4,52530.4623
28190.8,52668.7325
28161.35,52629.9172
28288.7,52486.057400000005
28293.4,52717.2397
28293.4,52959.991799999996
28283.8,53005.9841
28271.65,52892.0738
28211.05,52710.289800000006
28211.05,53009.300800000005
28198.1,53027.92100000002
28070.5,52965.99530000001
28070.5,52849.6074
28003.7,52907.443400000004
28139.85,52785.9436
28149.25,52805.0338
28131.8,52891.892799999994
28217.75,52723.571200000006
28183.85,52773.4623
28155.4,52617.68739999998
28155.25,52565.40190000001
28133.3,52659.82660000001
27984.8,52587.172499999986
28089.6,52593.9591
28068.55,52502.3441
28046.6,52355.6659
27999.9,52431.6357
28127.15,52564.347499999996
28096.55,52567.3215
28070.4,52748.221600000004
27980.05,52823.85220000001
28013.3,52866.2884
27994.55,53126.822100000005
27994.0,53014.2994
27990.35,53058.87370000001
27945.15,53105.24820000001
27924.35,53089.958199999994
28025.7,53026.46919999999
28020.9,53067.907499999994
28315.0,52843.30820000001
28315.0,52648.36830000001
28315.0,52699.7945
28298.8,52727.85969999999
28224.55,52613.4417
28220.05,52569.233400000005
28163.3,52621.280099999996
28163.3,52596.8064
28179.3,52586.1858
28179.3,52398.01500000001
28174.45,52430.894199999995
28174.45,52478.81240000001
28126.35,52508.14109999999
28126.35,52605.9465
28031.85,52662.374899999995
28075.35,52692.43700000001
28068.15,52568.342000000004
28064.1,52641.41919999999
28222.45,52619.88300000001
28202.7,52324.856700000004
28202.7,52263.3247
28091.0,51946.9127
28297.45,51988.1876
28219.9,51871.18880000001
28219.9,51766.6494
28207.9,51814.6828
28323.35,51812.909999999996
28316.15,51735.08380000001
28229.25,51874.003
28210.15,52003.482199999984
28210.15,52019.702800000014
28210.15,52026.429999999986
28210.15,51854.741
28210.15,51989.4275
28184.9,51884.55700000001
28342.05,51697.32890000001
28246.35,51750.8613
28431.4,51762.7799
28628.85,51735.3456
28585.35,51807.42880000001
28475.4,51706.584
28474.9,51718.7351
28516.85,51793.67309999999
28663.85,51941.796700000006
28606.9,51753.5915
28550.7,51529.325800000006
28550.7,51574.33950000001
28404.5,51667.9886
28551.1,51725.80219999999
28531.1,51643.4954
28406.0,51756.7248
28370.9,51767.968499999995
28349.25,51782.1491
28180.8,51725.80980000001
28179.6,51866.2245
28179.6,51879.1073
28179.6,51975.8793
28304.25,52182.820600000014
28299.1,52007.8967
28289.5,52044.8848
28289.5,51936.264500000005
28149.45,51939.194500000005
28149.45,51958.104999999996
28205.7,51860.8727
28310.2,51917.45069999999
28310.2,51867.8918
28248.1,51811.711200000005
28195.8,51774.273799999995
28195.8,52019.67589999999
28381.45,51966.63749999999
28381.45,52190.234899999996
28314.45,52466.2284
28483.75,52502.07300000001
28276.75,52663.4248
28149.3,52787.34700000001
28149.3,52729.8864
28112.65,52667.543999999994
28294.8,52638.070499999994
28280.65,52813.789899999996
28300.4,52786.63050000001
28221.25,52938.78250000001
28231.2,52819.92300000001
28212.45,52757.469900000004
28209.75,52889.455899999986
28209.75,52971.7662
28223.3,52854.49740000001
28016.8,52815.4976
27995.05,52649.1564
27951.1,52562.464799999994
27946.55,52556.9758
28070.9,52623.23659999999
28070.9,52746.7607
28057.55,52746.366099999985
28057.25,52787.7142
28063.3,52868.79150000001
28058.8,52877.559700000005
28058.8,52837.4836
28344.2,52638.3329
28271.05,52669.1145
28263.85,52681.6131
28055.3,52507.3754
28055.3,52507.04729999999
28055.3,52446.393800000005
28015.4,52604.850300000006
27982.45,52575.160899999995
27978.65,52627.20860000001
27978.65,52732.58460000002
28006.55,52699.7198
28001.4,52808.302599999995
28001.4,52627.8161
27910.45,52564.7184
27904.4,52279.819999999985
28178.15,52231.8999
28178.15,52159.4617
28160.0,52154.2908
27987.2,52184.8799
28068.9,52131.599799999996
28040.45,52173.7066
28015.7,52262.31240000001
28015.7,52456.84180000001
28015.7,52343.85890000001
28140.2,52376.0885
28042.1,52403.19630000001
28041.7,52426.337199999994
28000.7,52373.6396
27994.45,52342.863900000004
27990.8,52373.3453
27954.2,52367.13110000001
27954.2,52318.71540000001
27909.95,52322.0153
28039.95,52361.95679999999
28136.85,52492.705799999996
28071.95,52445.412599999996
28025.95,52379.905600000006
28025.55,52419.0042
28025.55,52535.09329999999
28023.2,52604.241
27982.65,52600.0702
28096.25,52485.0681
28082.4,52413.41790000001
27987.9,52347.99749999999
28012.8,52348.435699999995
28009.0,52340.1962
27887.7,52351.559199999996
27869.6,52213.650100000006
27869.6,52081.135800000004
27842.05,52142.3367
27791.3,52292.4744
27791.3,52588.475900000005
27778.35,52644.687099999996
27778.35,52594.16610000001
27770.35,52484.32699999999
27767.4,52444.439
27757.55,52367.5662
27842.75,52453.330299999994
27842.75,52629.962100000004
27815.4,52528.5505
28224.1,52510.521400000005
28224.1,52378.483499999995
28224.1,52421.915799999995
28190.25,52332.7241
28190.25,52248.3783
28161.5,52159.650200000004
28238.95,52158.94180000001
28326.45,52188.176499999994
28275.05,52258.281800000004
28275.05,52274.420300000005
28439.7,52168.44980000001
28372.15,52515.07579999999
28372.15,52584.2047
28379.6,52696.891
28372.75,52657.82089999999
28261.15,52602.975
28185.7,52495.2647
28160.7,52609.1937
28095.75,52830.99740000001
28091.95,52945.7076
28085.75,52921.966700000004
28077.15,52818.8906
28077.15,52880.312900000004
28074.9,52748.2272
28073.4,52859.916099999995
28204.15,52783.85190000001
28191.95,52750.3216
28181.45,52939.41919999999
28433.6,52776.75220000001
28391.9,52548.4135
28316.55,52644.35859999999
28294.15,52641.168000000005
28214.5,52519.418999999994
28229.5,52299.9045
28276.75,52375.026600000005
28245.45,52318.31340000001
28263.4,52483.057400000005
28193.6,52654.899300000005
28407.55,52747.1253
28451.05,52944.77509999999
28468.5,52843.75550000001
28468.5,52887.04
28468.5,53039.16159999999
28468.5,53099.28890000001
28482.95,53156.89940000001
28482.95,53041.8177
28482.95,52974.246
28435.15,53213.0433
28410.2,52966.722400000006
28383.3,52848.79559999999
28368.85,52869.687600000005
28365.35,52990.6088
28656.1,52818.670799999985
28568.85,52657.187900000004
28511.0,52362.2929
28472.15,52478.548200000005
28457.5,52358.6988
28412.75,52258.98839999999
28695.85,52397.2435
28690.05,52496.5581
28633.05,52564.927699999986
28817.35,52609.8762
28766.5,52612.1621
28767.9,52617.0335
28724.75,52536.085900000005
28653.2,52517.8276
28806.6,52568.578
28547.0,52537.1548
28594.3,52635.1622
28653.55,52474.980200000005
28598.9,52407.228500000005
28564.4,52353.7049
28560.4,52405.848
28497.5,52390.41590000001
28497.5,52632.1042
28424.0,52524.9836
28393.7,52467.716
28379.55,52451.3496
28303.0,52629.741399999984
28303.0,52552.7887
28276.55,52528.7128
28247.55,52569.337199999994
28223.75,52647.5978
28212.9,52647.71
28157.0,52846.970499999996
28364.1,52908.46549999999
28207.85,52788.3588
28207.85,52605.453799999996
28178.5,52692.70210000001
28151.75,52613.594699999994
28269.65,52713.9297
28165.4,52513.34749999999
28152.7,52442.514
28152.7,52420.23629999999
28144.4,52106.7607
28220.2,51956.0474
28212.15,52001.630600000004
28196.35,51878.279899999994
28176.65,51896.36829999999
28267.1,51840.063
28220.3,51855.4587
28220.3,51911.9197
28447.7,51988.80580000001
28443.95,52075.36869999999
28429.3,52132.7693
28412.05,52201.1067
28412.05,52182.676500000016
28412.05,52162.65740000001
28346.55,52088.971399999995
28329.3,52171.202000000005
28459.35,52186.7695
28445.8,52336.1173
28453.25,52449.2189
28453.25,52641.15839999999
28463.55,52561.251399999994
28335.95,52681.808000000005
28335.95,52896.90510000001
28405.3,53052.40149999999
28405.0,52977.56199999999
28399.75,52970.14029999999
28283.35,53083.5348
28272.3,53226.11370000001
28219.75,53082.464100000005
28214.85,53060.098600000005
28186.45,52914.683600000004
28186.45,52628.0782
28186.45,52535.6156
28175.8,52617.70129999999
28167.3,52805.31270000001
28167.3,52923.67420000001
28167.3,53083.28010000001
28162.5,53104.9583
28149.45,53157.3187
28138.4,53163.54650000001
28138.4,53261.80769999999
28138.4,53331.9326
28334.05,53397.57400000001
28453.3,53184.6552
28443.35,53189.98049999999
28637.0,52968.303700000004
28637.0,52924.9125
28637.0,52991.203799999996
28624.45,52782.11089999999
28680.1,52635.5745
28976.05,52542.460199999994
28996.45,52414.95280000001
28798.8,52297.18030000001
28911.15,52300.0548
28780.95,52331.32679999999
28961.35,52321.503600000004
28961.35,52545.2938
28871.5,52771.74559999999
28826.5,52933.22300000001
28842.3,53027.24279999999
28691.45,53166.9919
28544.6,53303.98069999999
28544.6,53327.00540000001
28534.95,53463.73789999999
28526.1,53356.626800000005
28593.4,53366.2088
28516.8,53121.5743
28433.8,52879.26860000001
28433.8,52864.09879999999
28417.15,52810.81099999999
28402.6,52605.545
28354.6,52445.4525
28350.65,52301.270899999996
28350.35,52086.0017
28563.4,52225.0703
28550.15,52278.25199999999
28627.8,52254.75469999999
28554.1,52143.0468
28549.2,51953.0305
28548.55,51833.1952
28480.55,51933.9504
28611.4,52015.042400000006
28599.75,52063.075
28508.5,52244.03470000001
28715.7,52345.5598
28501.9,52523.3674
28523.75,52738.6686
28523.75,52783.3963
28629.7,52844.345799999996
28584.95,53207.7148
28538.1,53233.0201
28523.1,53298.395000000004
28492.5,53180.528300000005
28490.85,53154.18850000001
28546.0,53103.32859999999
28696.25,52987.42659999999
28500.6,52711.9333
28438.35,52539.2508
28367.5,52466.57160000001
28367.5,52370.772000000004
28367.5,52243.359599999996
28367.5,52254.9924
28359.8,52360.41069999999
28696.8,52362.6913
28696.8,52384.5767
28696.8,52364.5572
28652.3,52311.4784
28567.45,52634.09099999999
28567.45,52760.58690000001
28501.95,52854.418300000005
28501.95,53072.012
28442.0,53096.69569999998
28442.0,53170.289899999996
28442.0,53103.38219999999
28442.0,53078.293099999995
28438.75,52820.4035
28431.45,52895.4456
28394.1,53035.05210000001
28602.8,52882.0189
28548.3,53047.8468
28912.75,52892.38139999999
28851.65,52874.4685
28672.55,52939.38709999999
28662.1,52917.919700000006
28576.55,52787.764299999995
28700.9,52697.623400000004
28995.1,52388.967599999996
28974.35,52331.4304
28969.7,52322.6167
29185.75,52415.486099999995
29076.05,52436.337400000004
28910.0,52461.12919999999
28722.15,52372.86200000001
28722.15,52380.1179
28723.75,52499.751899999996
28725.95,52484.75499999999
28724.95,52413.5669
28720.2,52250.18580000001
28720.2,52374.8182
28848.8,52493.871499999994
28848.8,52587.1186
28842.6,52518.658500000005
28842.6,52469.9776
29061.35,52412.27919999999
28934.65,52562.6096
28928.8,52631.591
28928.25,52708.8296
28915.5,52635.1312
28816.8,52497.5731
28793.3,52466.00600000001
28979.85,52508.7782
28905.25,52562.97720000001
28905.25,52562.82490000001
28773.6,52564.561400000006
28773.6,52466.28539999999
28728.0,52469.37699999999
28718.0,52541.284700000004
28765.05,52693.633499999996
28765.05,52602.88679999999
28800.9,52579.5598
28921.45,52750.50910000001
29152.45,52745.549100000004
29147.3,52797.01000000001
29115.55,52802.50310000001
29078.45,52932.463599999995
29033.7,52785.3014
29033.7,52593.7569
29028.75,52661.387
28971.75,52374.870599999995
29021.85,52569.591
28969.65,52563.1792
28927.5,52586.275
28865.75,52680.85680000001
28851.5,52685.2272
28759.4,52745.50989999999
28774.55,52697.935
28741.45,52775.36939999999
28741.45,52840.9041
28710.5,52861.21059999999
28813.55,52826.501800000005
28854.7,52798.53409999999
28777.55,52863.85480000001
28730.95,52826.96749999999
28713.75,52809.5555
28739.25,52673.72479999999
28735.4,52557.10399999999
28718.25,52505.513399999996
28839.2,52505.458699999996
29119.55,52691.6675
29217.25,52578.98030000001
28856.55,52414.0655
28824.15,52566.8664
28819.9,52492.39729999999
28866.65,52544.068799999994
28646.5,52627.099
28646.5,52706.6328
28646.5,52661.1401
28640.2,52882.14400000001
28640.2,52922.723900000005
28637.0,52945.73549999999
28612.65,52940.20569999999
28582.1,52801.01490000001
28501.65,52728.717099999994
28463.5,52606.281900000016
28476.1,52526.4108
28392.25,52414.21239999999
28371.3,52357.58470000001
28371.3,52255.95049999999
28366.1,52364.96230000001
28337.35,52146.96
28310.65,52074.60650000001
28335.85,51891.895
28326.2,51949.87870000001
28628.95,52053.0266
28628.95,51982.814200000015
28821.15,52162.9117
28943.0,52245.47720000001
28936.25,52233.124299999996
29136.1,52421.5656
29114.25,52565.44110000001
29091.6,52733.08450000001
29068.4,52944.91449999999
29032.35,53157.72900000001
29002.35,53287.2405
28896.85,53203.5417
28852.2,53287.1487
28640.6,53091.2165
28619.95,53166.96699999999
28588.15,53103.3383
28551.75,52946.2602
28551.75,52857.603500000005
28517.3,52636.287
28517.3,52514.1944
28481.6,52403.94610000001
28481.6,52259.887
28505.5,52119.82030000001
28672.75,52076.8029
28672.75,52081.631799999996
28666.65,52020.2749
28984.1,51958.0372
28775.65,51985.3538
28775.65,52290.2182
28756.25,52509.3392
28756.25,52412.27480000002
28712.3,52570.700300000004
28678.65,52658.3047
28616.35,52739.2709
28871.75,52786.740399999995
28800.85,52738.70559999999
28800.85,52784.23469999999
28709.65,52929.41370000001
28737.55,52871.875799999994
28682.8,52926.6969
28867.75,52846.0507
28677.2,52829.93720000001
28643.55,52728.029800000004
28643.55,52691.860499999995
28643.55,52835.42890000001
28598.05,52852.93019999999
28598.7,52752.1071
28598.7,52841.29439999999
28726.7,52734.0318
28668.8,52754.7324
28830.4,52700.99279999999
28978.55,52630.47039999999
28916.85,52494.888699999996
28750.45,52507.133499999996
28604.2,52501.629100000006
28604.2,52672.52179999999
28604.2,52546.63670000001
28589.05,52598.338399999986
28588.6,52597.633400000006
28546.25,52672.23270000001
28504.5,52598.90379999999
28579.85,52584.286400000005
28474.25,52571.8863
28418.4,52621.98909999999
28716.6,52570.37309999999
28640.25,52607.7001
28637.6,52653.90800000001
28577.55,52503.188899999994
28577.55,52426.381799999996
28567.55,52288.9672
28562.75,52487.656200000005
28736.3,52576.6075
28663.95,52636.75880000001
28668.8,52704.236
28658.6,52627.75230000001
28654.0,52475.60340000001
28650.35,52381.9051
28638.8,52560.981799999994
28510.15,52550.941000000006
28591.3,52551.1306
28533.8,52512.66120000001
28533.8,52669.20979999999
28533.8,52754.4215
28493.45,52720.8464
28493.45,52680.69460000001
28482.55,52701.212600000006
28459.05,52767.9444
28449.85,52782.88410000001
28356.05,52740.2243
28356.05,52726.0213
28407.35,52904.4281
28378.2,53072.395699999994
28371.85,52883.7196
28369.35,52915.496999999996
28330.45,52836.46000000001
28242.75,52561.772699999994
28325.65,52514.62359999999
28262.55,52415.0468
28268.7,52353.939900000005
28161.2,52254.6107
28433.4,52268.6629
28357.7,52320.6064
28082.1,52282.98160000001
28470.35,52263.5161
28187.35,52428.26210000001
28309.05,52250.0144
28324.1,52293.1209
28433.0,52416.0738
28422.3,52309.6267
28371.25,52266.58930000001
28517.4,52226.733100000005
28447.5,52174.2752
28447.5,52226.02720000001
28443.55,52377.36559999998
28425.0,52240.0352
29001.25,52290.83809999999
29001.25,52088.104600000006
29175.3,52260.0916
28877.75,52436.61510000001
28862.7,52436.153300000005
28823.35,52380.739400000006
28823.35,52145.99939999999
28875.55,52169.027299999994
28792.35,52132.11200000001
28782.2,52040.51580000001
28553.5,51961.6154
28550.45,51996.3444
28550.45,52047.0885
28762.45,52084.725399999996
28701.25,52033.8054
28523.25,52075.906899999994
28523.25,52081.314699999995
28523.25,52205.83469999999
28523.25,52152.9158
28440.55,52223.93559999999
28436.3,52266.8673
28436.3,52388.096399999995
28587.4,52524.3774
28656.35,52710.722599999994
28662.2,53020.27510000001
28657.5,52919.80619999999
28655.05,53062.76700000001
28520.75,52966.931699999994
28515.55,52819.47799999999
28531.1,52705.8949
28528.7,52642.016599999995
28528.7,52442.694299999996
28528.7,52292.1456
28528.7,52428.471000000005
28583.35,52413.912500000006
28528.3,52469.267700000004
28465.8,52429.12019999999
28454.4,52528.5837
28411.5,52467.9223
28391.15,52463.929299999996
28380.9,52552.52849999999
28325.1,52510.79310000001
28357.05,52374.253600000004
28357.05,52432.08570000001
