BestFitnessMean,AverageFitnessMean
49484.6,87722.36730000001
47745.15,82091.39700000003
43597.7,77463.38279999999
42377.1,73755.5741
41287.05,70676.99169999998
39541.15,67825.08860000002
37704.1,65239.49749999998
36249.55,62938.6196
34894.9,60776.92999999998
34047.3,58869.14480000001
33359.0,57153.96060000001
32962.3,55775.73849999999
32229.5,54400.0446
31870.25,53282.5311
31808.0,52473.216599999985
31515.1,51804.976500000004
31348.1,51313.1092
31300.8,50706.8103
30462.4,50164.1643
30234.75,49662.1344
30183.55,49235.43389999999
29916.35,48815.129400000005
29792.8,48700.7508
29589.3,48466.264800000004
29523.05,47971.41919999999
29367.6,47613.347700000006
29061.7,47474.7018
28856.0,47152.71340000001
28787.8,46753.4443
28544.5,46396.6981
28331.0,46283.95129999999
28156.55,46082.075999999994
28027.15,45921.47720000001
27850.05,45770.8621
27752.75,45603.45909999999
27716.15,45313.75600000001
27644.75,45229.85749999999
27554.7,44722.403699999995
27486.6,44467.911400000005
27367.25,44309.10590000001
27352.0,44141.4678
27307.55,43813.1226
27245.6,43561.0867
27131.2,43505.2668
27081.35,43318.4582
27029.75,43068.526399999995
27024.95,42772.84679999999
26984.9,42640.887
26966.65,42480.7331
26923.65,42408.735799999995
26875.6,42298.50600000001
26854.05,42224.570700000004
26801.1,41997.222799999996
26737.95,41900.6897
26705.8,41859.39429999999
26699.4,41850.1191
26615.7,41808.6755
26607.5,41748.4382
26594.65,41693.5975
26576.45,41631.704099999995
26539.1,41403.636
26519.85,41134.044299999994
26458.65,40885.5893
26430.6,40560.7798
26417.9,40313.0218
26387.0,39905.9444
26372.15,39709.8151
26353.45,39438.38590000001
26349.25,39188.403399999996
26341.05,38925.0082
26331.3,38694.7154
26308.35,38643.1369
26295.05,38502.6244
26285.3,38437.96409999999
26252.9,38288.7343
26229.35,38135.5995
26229.8,37933.257399999995
26218.75,37805.72959999999
26218.1,37845.3791
26214.85,37780.7318
26206.0,37714.3894
26204.05,37510.6539
26165.9,37368.562000000005
26164.35,37239.89260000001
26164.35,37073.8118
26158.1,36992.774699999994
26149.85,36951.6936
26148.2,36843.4176
26136.65,36791.3916
26122.9,36656.34509999999
26119.1,36587.1208
26107.2,36546.51839999999
26107.2,36507.436200000004
26107.2,36435.5888
26096.7,36253.869699999996
26083.45,36105.97579999999
26079.5,35903.03660000001
26073.8,35643.062099999996
26058.05,35615.344
26039.2,35484.7814
26039.2,35304.4611
26029.1,35133.90550000001
26026.45,34892.369300000006
26024.85,34806.9197
26024.85,34797.6104
26024.7,34850.130900000004
26017.7,34743.423200000005
26011.2,34583.24280000001
26011.2,34377.321800000005
25999.3,34220.66789999999
25999.15,34134.0927
25982.95,33998.210600000006
25980.65,33934.31050000001
25978.15,33793.967300000004
25974.0,33599.3471
25974.0,33360.5213
25974.0,33066.655
25970.0,32925.900700000006
25967.3,32721.506499999996
25954.7,32538.856699999993
25951.25,32471.127800000006
25951.25,32322.8062
25945.55,32250.589600000007
25934.65,32171.73789999999
25925.55,32092.157399999996
25925.4,32140.554099999998
25922.4,32116.748700000004
25909.45,32190.527000000002
25909.45,32249.979500000005
25909.45,32155.0625
25907.2,32103.655500000004
25898.75,32098.755400000002
25891.4,31952.07580000001
25891.4,31907.8648
25889.1,31649.634800000007
25888.95,31481.5789
25888.95,31418.9275
25888.95,31290.492500000004
25888.8,31187.2345
25888.65,31112.3675
25888.65,31030.482899999995
25888.65,30938.6264
25888.65,30725.941699999996
25888.65,30624.1564
25888.65,30408.846700000006
25876.75,30244.4344
25876.75,30278.0185
25876.75,30293.3975
25876.75,30080.048099999996
25876.75,30014.487199999992
25876.75,30013.865099999988
25876.75,30029.2288
25876.75,29955.3415
25876.75,29854.456999999995
25872.45,29759.59870000001
25860.4,29556.009499999996
25860.4,29471.720899999997
25860.4,29329.751500000002
25860.4,29130.134700000002
25856.1,28901.635000000002
25856.1,28741.893299999996
25856.1,28609.8999
25851.8,28533.0819
25851.8,28498.7761
25851.8,28416.5946
25851.8,28399.807999999997
25851.8,28354.8151
25851.8,28165.7631
25851.8,28115.3907
25851.8,28056.963
25847.5,28115.474600000005
25847.5,28189.9643
25847.5,28198.8679
25847.5,28153.50359999999
25847.5,28137.4485
25847.5,28199.803399999997
25847.5,28210.559499999996
25847.5,27981.5462
25847.5,27910.612299999997
25847.5,27809.389600000002
25847.5,27802.594499999996
25847.5,27851.7811
25847.5,27829.7326
25847.5,27950.423300000002
25847.5,28082.831100000003
25847.5,28077.489899999993
25847.5,28136.756199999996
25847.5,28123.0815
25847.5,27988.107200000006
25847.5,27921.479699999996
25847.5,27847.513399999996
25847.5,27747.1062
25847.5,27681.799700000003
25847.5,27578.4881
25847.5,27487.750699999997
25847.5,27505.746399999993
25847.5,27420.5208
25847.5,27444.2755
25847.5,27345.479600000002
25847.5,27279.3065
25847.5,27325.963100000004
25847.5,27280.8893
25847.5,27315.409599999995
25847.5,27375.8537
25847.5,27328.404300000002
25847.5,27362.719900000004
25847.5,27263.024200000003
25847.5,27084.778800000007
25847.5,27048.732899999995
25847.5,27033.1332
25847.5,26976.515699999996
25847.5,26873.456499999993
25847.5,26854.412399999994
25847.5,26768.9006
25847.5,26847.4979
25847.5,26874.504800000002
25847.5,26847.6295
25847.5,26813.834499999997
25847.5,26789.197999999997
25847.5,26683.039899999996
25847.5,26647.553199999995
25847.5,26637.365699999995
25847.5,26601.234500000002
25847.5,26649.4773
25847.5,26629.8494
25847.5,26594.5235
25847.5,26519.801399999997
25847.5,26450.882300000005
25847.5,26466.7581
25847.5,26458.3577
25847.5,26412.8658
25847.5,26377.698699999997
25847.5,26344.6356
25847.5,26329.66240000001
25847.5,26310.125399999997
25847.5,26310.3903
25847.5,26412.624799999998
25847.5,26403.017499999998
25847.5,26368.8581
25847.5,26411.612699999998
25847.5,26316.9587
25847.5,26321.888399999996
25847.5,26349.2532
25847.5,26329.6711
25847.5,26376.235600000004
25847.5,26429.5927
25847.5,26416.9242
25847.5,26434.290900000004
25847.5,26481.0836
25847.5,26486.8811
25847.5,26438.0037
25847.5,26400.3268
25847.5,26426.664599999996
25847.5,26400.249100000005
25847.5,26451.164999999997
25847.5,26420.341699999997
25847.5,26445.1399
25847.5,26371.341699999997
25847.5,26324.146299999993
25847.5,26263.4836
25847.5,26230.6769
25847.5,26234.589399999997
25847.5,26234.494599999998
25847.5,26264.1293
25847.5,26250.750999999997
25847.5,26236.6739
25847.5,26290.120599999995
25847.5,26335.651399999995
25847.5,26329.734600000003
25847.5,26340.162699999993
25847.5,26392.414899999996
25847.5,26351.6816
25847.5,26398.0164
25847.5,26363.3752
25847.5,26381.209899999998
25847.5,26320.766499999998
25847.5,26277.384500000004
25847.5,26258.921000000002
25847.5,26195.7955
25847.5,26212.2918
25847.5,26231.922599999998
25847.5,26230.547100000003
25847.5,26294.901
25847.5,26246.9147
25847.5,26257.287800000002
25847.5,26243.6593
25847.5,26281.835
25847.5,26279.1264
25847.5,26326.154699999996
25847.5,26283.495899999998
25847.5,26279.583900000005
25847.5,26268.5985
25847.5,26215.703700000002
25847.5,26227.4208
25847.5,26193.336799999997
25847.5,26205.9496
25847.5,26185.090099999998
25847.5,26179.8968
25847.5,26153.9689
25847.5,26167.572399999997
25847.5,26145.4127
25847.5,26191.759100000003
25847.5,26154.013
25847.5,26190.190400000003
25847.5,26172.5075
25847.5,26153.325800000002
25847.5,26163.955400000003
25847.5,26169.814499999997
25847.5,26169.087099999997
25847.5,26210.4507
25847.5,26202.8485
25847.5,26219.975600000005
25847.5,26180.0412
25847.5,26208.241799999996
25847.5,26187.1075
25847.5,26221.6928
25847.5,26197.546400000003
25847.5,26257.611599999997
25847.5,26196.064000000006
25847.5,26184.698800000006
25847.5,26180.325200000003
25847.5,26165.3097
25847.5,26182.131700000005
25847.5,26215.7229
25847.5,26149.030300000002
25847.5,26167.946099999997
25847.5,26146.0012
25847.5,26181.4439
25847.5,26176.861600000004
25847.5,26208.0236
25847.5,26173.8125
25847.5,26179.2492
25847.5,26192.6105
25847.5,26224.3439
25847.5,26219.682699999994
25847.5,26208.6613
25847.5,26210.475500000004
25847.5,26212.5832
25847.5,26204.524200000003
25847.5,26208.8936
25847.5,26207.5538
25847.5,26164.751700000004
25847.5,26206.501900000003
25847.5,26187.086000000003
25847.5,26228.462100000004
25847.5,26194.7183
25847.5,26228.044400000002
25847.5,26260.421900000005
25847.5,26228.4569
25847.5,26231.8973
25847.5,26240.360600000004
25847.5,26268.944199999998
25847.5,26262.435599999997
25847.5,26249.4147
25847.5,26238.584800000004
25847.5,26253.518300000003
25847.5,26239.737899999996
25847.5,26218.485099999998
25847.5,26133.0477
25847.5,26174.841399999998
25847.5,26188.6911
25847.5,26188.235500000003
25847.5,26155.284399999997
25847.5,26189.685800000003
25847.5,26203.6032
25847.5,26203.203999999994
25847.5,26160.4953
25847.5,26216.0308
25847.5,26186.561
25847.5,26175.829000000005
25847.5,26205.465799999998
25847.5,26163.4481
25847.5,26143.7666
25847.5,26173.106099999997
25847.5,26223.631199999996
25847.5,26173.4797
25847.5,26201.1025
25847.5,26164.8178
25847.5,26193.577599999997
25847.5,26171.000799999994
25847.5,26187.8279
25847.5,26161.2861
25847.5,26203.189599999998
25847.5,26177.507
25847.5,26194.011199999997
25847.5,26188.4927
25847.5,26238.135100000003
25847.5,26177.822500000002
25847.5,26234.442100000004
25847.5,26203.4399
25847.5,26165.2863
25847.5,26141.9364
25847.5,26179.3185
25847.5,26174.9535
25847.5,26142.666699999998
25847.5,26171.7958
25847.5,26176.343100000002
25847.5,26188.948300000007
25847.5,26213.825100000002
25847.5,26136.0221
25847.5,26197.9983
25847.5,26160.512199999997
25847.5,26161.6869
25847.5,26206.9151
25847.5,26215.7146
25847.5,26185.18179999999
25847.5,26163.877100000005
25847.5,26165.9141
25847.5,26194.127700000005
25847.5,26212.264200000005
25847.5,26196.4213
25847.5,26176.8074
25847.5,26139.3096
25847.5,26175.554400000005
25847.5,26171.284399999997
25847.5,26230.002300000004
25847.5,26182.4285
25847.5,26214.862700000005
25847.5,26208.1304
25847.5,26187.126999999997
25847.5,26197.715099999998
25847.5,26177.8042
25847.5,26185.3357
25847.5,26177.6764
25847.5,26168.795900000005
25847.5,26180.9088
25847.5,26197.833899999998
25847.5,26178.1288
25847.5,26215.770800000006
25847.5,26229.3626
25847.5,26167.211900000002
25847.5,26169.909
25847.5,26162.3691
25847.5,26200.5964
25847.5,26228.255500000007
25847.5,26191.040399999998
25847.5,26185.9418
25847.5,26180.5832
25847.5,26174.4154
25847.5,26191.4726
25847.5,26167.679299999996
25847.5,26205.1408
25847.5,26192.0438
25847.5,26174.612700000005
25847.5,26128.485
25847.5,26171.575800000006
25847.5,26147.8249
25847.5,26181.167699999998
25847.5,26178.4608
25847.5,26181.99000000001
25847.5,26175.496000000003
25847.5,26223.899599999997
25847.5,26179.2409
25847.5,26209.7707
25847.5,26206.0269
25847.5,26166.1721
25847.5,26188.828
25847.5,26169.417500000003
25847.5,26209.309499999996
25847.5,26219.9869
25847.5,26213.6538
25847.5,26195.606099999997
25847.5,26187.411099999998
25847.5,26186.997900000002
25847.5,26207.160399999997
25847.5,26166.883299999998
25847.5,26189.004
25847.5,26214.603900000006
25847.5,26181.298699999996
25847.5,26229.706599999994
25847.5,26208.595
25847.5,26202.2197
25847.5,26181.3005
25847.5,26237.535200000002
25847.5,26226.9961
25847.5,26178.3932
25847.5,26243.32
25847.5,26185.669000000005
25847.5,26201.6984
25847.5,26207.2686
25847.5,26172.451999999997
25847.5,26235.0305
25847.5,26216.889799999997
25847.5,26213.1386
25847.5,26174.609399999998
25847.5,26260.821600000003
25847.5,26216.944700000004
25847.5,26219.841900000007
25847.5,26273.499100000005
25847.5,26319.0565
25847.5,26269.0157
25847.5,26331.9988
25847.5,26339.447399999997
25847.5,26278.818700000003
25847.5,26270.363099999995
25847.5,26210.653100000003
25847.5,26186.0597
25847.5,26173.0831
25847.5,26199.568099999997
25847.5,26191.1204
25847.5,26174.178900000003
25847.5,26155.7352
25847.5,26146.9035
25847.5,26215.5506
25847.5,26167.188199999997
25847.5,26149.075499999995
25847.5,26183.9371
25847.5,26205.2801
25847.5,26157.759199999993
25847.5,26212.3283
25847.5,26186.381200000003
25847.5,26203.975700000003
25847.5,26164.6682
25847.5,26175.874300000003
25847.5,26191.2146
25847.5,26197.239600000004
25847.5,26189.384000000002
25847.5,26198.975899999998
25847.5,26171.9542
25847.5,26194.5743
25847.5,26192.5207
25847.5,26170.749799999998
25847.5,26190.201700000005
25847.5,26209.403100000003
25847.5,26161.6348
25847.5,26191.53220000001
25847.5,26173.991199999997
25847.5,26178.7158
25847.5,26171.709399999996
25847.5,26162.529000000002
25847.5,26169.961600000002
25847.5,26187.305399999997
25847.5,26199.7467
25847.5,26187.3822
25847.5,26169.8633
25847.5,26209.190300000002
25847.5,26215.293399999995
25847.5,26161.143300000003
25847.5,26174.240400000002
25847.5,26175.7331
25847.5,26191.014799999997
25847.5,26162.3447
25847.5,26209.3001
25847.5,26172.4872
25847.5,26175.826699999998
25847.5,26183.3775
25847.5,26178.241199999993
25847.5,26199.714000000004
25847.5,26185.286499999995
25847.5,26187.268899999995
25847.5,26212.0029
25847.5,26197.322200000002
25847.5,26177.812700000002
25847.5,26216.2373
25847.5,26189.023999999998
25847.5,26153.696600000003
25847.5,26207.906799999997
25847.5,26200.2022
25847.5,26142.0844
25847.5,26213.9879
25847.5,26187.0272
25847.5,26145.4511
25847.5,26187.545099999996
25847.5,26150.784999999996
25847.5,26167.7383
25847.5,26191.5045
25847.5,26187.889
25847.5,26160.8411
25847.5,26199.988299999994
25847.5,26202.685000000005
25847.5,26174.784300000003
25847.5,26214.303000000004
25847.5,26166.5531
25847.5,26185.915
25847.5,26180.7519
25847.5,26176.090300000003
25847.5,26143.113600000004
25847.5,26151.676199999994
25847.5,26148.4014
25847.5,26184.759899999997
25847.5,26234.602600000002
25847.5,26192.220999999998
25847.5,26166.0899
25847.5,26178.447500000002
25847.5,26195.6537
25847.5,26198.151500000004
25847.5,26186.944300000006
25847.5,26166.2893
25847.5,26209.7642
25847.5,26212.926
25847.5,26172.474199999993
25847.5,26214.105700000004
25847.5,26149.442400000004
25847.5,26171.05749999999
25847.5,26180.6401
25847.5,26190.265999999996
25847.5,26198.244700000007
25847.5,26208.532899999995
25847.5,26182.768799999998
25847.5,26163.8182
25847.5,26176.8748
25847.5,26155.552599999995
25847.5,26171.6668
25847.5,26147.1939
25847.5,26196.683
25847.5,26166.1297
25847.5,26164.5063
25847.5,26150.867199999997
25847.5,26179.3252
25847.5,26168.5795
25847.5,26194.825300000004
25847.5,26203.368199999997
25847.5,26109.2204
25847.5,26189.039899999996
25847.5,26116.1509
25847.5,26159.926300000006
25847.5,26174.180800000002
25847.5,26193.378200000003
25847.5,26201.128999999997
25847.5,26195.152299999998
25847.5,26198.440900000005
25847.5,26193.4544
25847.5,26187.587
25847.5,26141.8208
25847.5,26173.4115
25847.5,26184.8656
25847.5,26236.284900000006
25847.5,26218.6711
25847.5,26173.174999999996
25847.5,26177.623500000005
25847.5,26188.587799999998
25847.5,26230.081700000002
25847.5,26243.0743
25847.5,26216.3666
25847.5,26176.812799999996
25847.5,26224.445300000003
25847.5,26233.137799999997
25847.5,26203.273999999998
25847.5,26190.677299999996
25847.5,26216.625599999992
25847.5,26219.525399999995
25847.5,26195.764600000002
25847.5,26206.2652
25847.5,26231.001900000003
25847.5,26275.293199999996
25847.5,26226.808199999992
25847.5,26202.301
25847.5,26251.1166
25847.5,26265.5011
25847.5,26254.264300000003
25847.5,26272.904700000003
25847.5,26326.973799999996
25847.5,26282.1113
25847.5,26261.285600000003
25847.5,26224.909000000003
25847.5,26218.103499999997
25847.5,26150.999499999998
25847.5,26197.8533
25847.5,26200.055399999997
25847.5,26212.649800000003
25847.5,26175.4312
25847.5,26163.8711
25847.5,26151.67190000001
25847.5,26181.5869
25847.5,26152.925499999998
25847.5,26226.792800000003
25847.5,26182.134700000002
25847.5,26202.7421
25847.5,26151.3128
25847.5,26196.874
25847.5,26181.862
25847.5,26186.082099999992
25847.5,26186.279000000002
25847.5,26191.6769
25847.5,26174.431599999996
25847.5,26169.452599999997
25847.5,26204.659
25847.5,26194.094699999998
25847.5,26185.9478
25847.5,26181.334899999998
25847.5,26154.077
25847.5,26168.102600000002
25847.5,26171.0419
25847.5,26172.8576
25847.5,26174.095999999998
25847.5,26160.496899999995
25847.5,26189.309200000003
25847.5,26185.741799999996
25847.5,26193.726799999993
25847.5,26164.690299999995
25847.5,26162.0592
25847.5,26156.5436
25847.5,26208.2771
25847.5,26200.212199999998
25847.5,26158.0924
25847.5,26175.859099999998
25847.5,26149.5208
25847.5,26209.701900000004
25847.5,26178.920299999998
25847.5,26187.5707
25847.5,26187.836400000004
25847.5,26208.348299999994
25847.5,26163.7763
25847.5,26196.251800000002
25847.5,26201.3145
25847.5,26209.591100000005
25847.5,26215.740200000007
25847.5,26189.723799999996
25847.5,26185.758000000005
25847.5,26199.6189
25847.5,26203.2698
25847.5,26161.2539
25847.5,26159.840700000004
25847.5,26132.1422
25847.5,26189.012500000004
25847.5,26198.6436
25847.5,26181.106000000003
25847.5,26179.442000000003
25847.5,26162.085000000003
25847.5,26200.134700000002
25847.5,26173.195
25847.5,26154.820499999998
25847.5,26171.998499999994
25847.5,26160.6046
25847.5,26207.695699999997
25847.5,26207.835499999997
25847.5,26175.9414
25847.5,26174.974599999998
25847.5,26166.6878
25847.5,26156.967799999995
25847.5,26175.019500000002
25847.5,26174.405899999998
25847.5,26197.340299999996
25847.5,26177.320799999994
25847.5,26196.552600000003
25847.5,26159.343
25847.5,26143.339799999994
25847.5,26169.230300000003
25847.5,26158.225199999993
25847.5,26208.853199999998
25847.5,26206.195200000002
25847.5,26165.761599999998
25847.5,26181.344900000004
25847.5,26165.642799999998
25847.5,26214.727899999998
25847.5,26168.246900000002
25847.5,26203.7266
25847.5,26199.211900000002
25847.5,26164.670700000002
25847.5,26183.0375
25847.5,26167.326899999996
25847.5,26188.408499999998
25847.5,26231.707300000002
25847.5,26191.3056
25847.5,26171.1408
25847.5,26180.478800000004
25847.5,26180.992899999994
25847.5,26186.2351
25847.5,26154.684299999997
25847.5,26200.0696
25847.5,26220.802400000004
25847.5,26183.330000000005
25847.5,26218.1618
25847.5,26176.2802
25847.5,26159.601799999997
25847.5,26142.7161
25847.5,26199.764999999996
25847.5,26197.494700000003
25847.5,26192.720299999997
25847.5,26211.1579
25847.5,26222.1646
25847.5,26192.000999999997
25847.5,26181.868900000005
25847.5,26176.154599999998
25847.5,26166.668599999997
25847.5,26176.9603
25847.5,26157.8059
25847.5,26165.6453
25847.5,26141.2089
25847.5,26129.3742
25847.5,26159.9067
25847.5,26189.820700000004
25847.5,26182.559599999997
25847.5,26193.776200000008
25847.5,26243.156599999995
25847.5,26176.1528
25847.5,26156.6875
25847.5,26181.212
25847.5,26210.5783
25847.5,26197.877900000003
25847.5,26163.486200000003
25847.5,26178.615500000004
25847.5,26201.4164
25847.5,26184.3505
25847.5,26227.535900000006
25847.5,26180.1797
25847.5,26180.5302
25847.5,26192.5562
25847.5,26192.8396
25847.5,26159.6686
25847.5,26220.381199999996
25847.5,26144.330500000004
25847.5,26176.5503
25847.5,26202.122499999998
25847.5,26140.3295
25847.5,26207.408400000004
25847.5,26187.186999999998
25847.5,26147.819899999995
25847.5,26204.6091
25847.5,26200.216999999997
25847.5,26184.0085
25847.5,26191.0709
25847.5,26201.588800000005
25847.5,26195.333499999997
25847.5,26150.264300000003
25847.5,26163.331799999996
25847.5,26166.1402
25847.5,26143.7382
25847.5,26213.1512
25847.5,26206.5563
25847.5,26153.274999999998
25847.5,26188.388099999996
25847.5,26178.469999999998
25847.5,26197.186500000003
25847.5,26199.922400000003
25847.5,26175.210399999996
25847.5,26176.707499999997
25847.5,26173.556599999996
25847.5,26193.2096
25847.5,26183.3899
25847.5,26159.866099999992
25847.5,26176.128400000005
25847.5,26161.8962
25847.5,26181.5096
25847.5,26166.399
25847.5,26171.077800000003
25847.5,26199.259400000003
25847.5,26172.2957
25847.5,26180.959400000003
25847.5,26157.0495
25847.5,26172.2489
25847.5,26166.195199999995
25847.5,26164.077299999997
25847.5,26189.2384
25847.5,26201.4061
25847.5,26193.101899999994
25847.5,26201.7418
25847.5,26177.097400000006
25847.5,26171.3472
25847.5,26181.448300000004
25847.5,26171.522699999998
25847.5,26175.4556
25847.5,26171.3662
25847.5,26157.778700000003
25847.5,26183.654000000002
25847.5,26141.2153
25847.5,26160.3337
25847.5,26149.863300000005
25847.5,26162.6171
25847.5,26174.936299999998
25847.5,26179.951699999998
25847.5,26169.739300000005
25847.5,26207.572099999998
25847.5,26186.3317
25847.5,26175.740100000003
25847.5,26169.6029
25847.5,26190.900100000003
25847.5,26185.2633
25847.5,26193.9741
25847.5,26192.3326
25847.5,26189.3856
25847.5,26195.924199999998
25847.5,26146.8679
25847.5,26199.267400000004
25847.5,26186.729900000006
25847.5,26186.528100000003
25847.5,26189.2631
25847.5,26183.442700000003
25847.5,26164.577699999998
25847.5,26189.103499999997
25847.5,26186.8446
25847.5,26179.5706
25847.5,26173.5443
25847.5,26194.2568
25847.5,26147.650800000003
25847.5,26201.658499999998
25847.5,26189.060599999993
25847.5,26210.551799999997
25847.5,26158.3019
25847.5,26168.712
25847.5,26162.121399999996
25847.5,26188.1696
25847.5,26210.072500000002
25847.5,26185.073599999996
25847.5,26185.232599999996
25847.5,26152.8399
25847.5,26165.327099999995
25847.5,26198.636599999998
25847.5,26189.1311
25847.5,26208.026899999997
25847.5,26201.2156
25847.5,26167.207599999998
25847.5,26190.317299999995
25847.5,26180.663200000003
25847.5,26176.6772
25847.5,26189.3159
25847.5,26217.7088
25847.5,26153.069900000002
25847.5,26160.301599999995
25847.5,26169.674099999997
25847.5,26197.0812
25847.5,26182.399899999997
25847.5,26212.9515
25847.5,26182.6212
25847.5,26192.7608
25847.5,26185.340399999997
25847.5,26150.6672
25847.5,26170.379399999998
25847.5,26196.996500000005
25847.5,26198.738399999995
25847.5,26200.5832
25847.5,26192.0104
25847.5,26171.094400000005
25847.5,26170.7208
25847.5,26200.152000000006
25847.5,26187.789500000003
25847.5,26153.3568
25847.5,26186.9264
25847.5,26170.470899999997
25847.5,26183.856599999996
25847.5,26184.745
25847.5,26216.648999999998
25847.5,26202.094699999998
25847.5,26183.5276
25847.5,26184.823299999996
25847.5,26199.519500000002
25847.5,26185.894900000003
25847.5,26156.435000000005
25847.5,26129.197099999998
25847.5,26152.377
25847.5,26190.228
25847.5,26157.9977
25847.5,26160.0485
25847.5,26144.063799999996
25847.5,26199.806099999998
25847.5,26218.7103
25847.5,26180.3138
25847.5,26213.332899999998
25847.5,26190.216500000002
25847.5,26210.691900000005
25847.5,26180.166299999997
25847.5,26196.7386
25847.5,26179.589900000006
25847.5,26160.7579
25847.5,26176.2188
25847.5,26204.073000000004
25847.5,26152.832300000002
25847.5,26152.2791
25847.5,26221.785799999994
25847.5,26195.4934
25847.5,26151.6288
25847.5,26197.7132
25847.5,26182.2989
25847.5,26188.4732
25847.5,26212.488699999994
25847.5,26144.8858
25847.5,26180.2788
25847.5,26159.9389
25847.5,26160.4695
25847.5,26191.6821
25847.5,26183.893500000006
25847.5,26217.655699999992
25847.5,26187.412
25847.5,26211.1021
25847.5,26215.3828
25847.5,26173.1068
25847.5,26201.1178
25847.5,26180.662
25847.5,26180.417699999995
25847.5,26163.8131
25847.5,26179.674300000002
25847.5,26174.6472
25847.5,26151.744
25847.5,26179.6945
25847.5,26162.765900000002
25847.5,26187.805
25847.5,26217.8539
25847.5,26207.813199999997
25847.5,26183.9033
25847.5,26210.477099999996
25847.5,26174.494400000003
25847.5,26161.246400000007
25847.5,26181.002500000002
25847.5,26162.8086
25847.5,26254.2652
25847.5,26212.762800000004
25847.5,26268.816100000004
25847.5,26250.536599999992
25847.5,26252.839400000004
25847.5,26285.5685
