BestFitnessMean,AverageFitnessMean
52417.85,87598.351
47434.75,77957.4444
42509.5,71081.63720000001
39424.45,65305.747200000005
37689.55,60640.5009
35595.55,56295.25500000002
34566.7,52392.477000000006
32850.15,49252.6262
31744.9,47022.692599999995
30710.3,45268.9811
30360.2,44010.988
29839.35,43014.31940000001
29322.6,42045.636
29045.45,40966.2521
28728.5,40143.2228
28316.15,39459.33209999999
27976.3,38589.8498
27708.7,38023.140699999996
27467.7,37224.503500000006
27288.4,36662.74570000001
27102.05,36011.19870000001
26963.05,35464.94440000001
26846.0,34891.7634
26717.6,34243.06799999999
26634.35,33739.342500000006
26529.35,33313.3859
26443.5,32883.41810000001
26384.6,32381.3176
26341.35,31891.824200000003
26276.35,31396.863700000005
26217.4,30901.2541
26163.3,30541.326200000003
26111.95,30079.518200000002
26098.0,29679.8497
26079.35,29261.9352
26060.2,28943.978099999997
26037.8,28792.930099999998
26006.25,28494.1179
26005.55,28308.4251
25993.65,27987.914499999995
25985.2,27829.507300000005
25976.9,27610.87580000001
25976.9,27391.829299999994
25976.9,27233.907900000002
25975.3,27179.493700000003
25975.3,27002.157799999997
25975.3,26981.8114
25975.3,26777.755500000007
25975.3,26679.765600000002
25975.3,26531.1126
25974.05,26556.3153
25972.65,26564.949199999995
25972.65,26643.4536
25972.65,26705.2586
25964.45,26791.354
25964.45,26930.1518
25954.55,26950.8327
25950.25,26925.089599999996
25950.1,26845.0065
25950.1,26650.370899999998
25950.1,26570.731000000007
25950.1,26564.3962
25949.95,26466.303000000004
25948.55,26417.855900000006
25948.55,26449.377399999998
25948.55,26392.404100000003
25936.65,26379.6641
25936.65,26302.5798
25932.35,26217.2735
25932.35,26166.237099999995
25932.35,26126.119
25932.35,26134.8758
25932.35,26180.8191
25932.35,26144.018899999992
25932.35,26090.059900000004
25922.45,26093.068600000002
25921.05,26089.945499999998
25921.05,26110.561599999997
25921.05,26141.0545
25920.9,26148.3496
25920.9,26140.188599999998
25920.9,26053.4538
25920.9,26016.803999999996
25920.9,26018.3672
25916.6,26011.177200000006
25916.6,25991.895899999992
25916.45,25995.908400000004
25916.45,26017.616
25916.45,26048.1184
25916.45,26103.1551
25916.45,26076.7868
25916.45,26028.338699999997
25916.45,25987.386099999996
25914.3,25998.8117
25914.3,26009.629499999995
25914.3,25982.615199999993
25900.25,25990.246600000002
25898.1,25985.4932
25898.1,26010.0972
25898.1,26008.614999999998
25893.8,26028.850799999997
25893.8,26063.1037
25893.8,26099.4025
25893.8,26022.182800000002
25893.8,26004.9097
25893.8,26014.2381
25893.8,26040.932399999998
25893.8,26062.8975
25893.8,26113.464
25893.8,26079.7003
25893.8,25986.1941
25893.8,25953.0256
25893.8,25961.012
25893.8,25954.575000000004
25893.8,25965.0035
25893.8,25958.4983
25893.8,25969.195400000004
25893.8,25958.6947
25893.8,25980.085700000003
25893.8,25951.739800000003
25893.8,25957.6466
25893.8,25950.712899999995
25893.8,25942.651399999995
25893.8,25967.3988
25893.8,25949.154400000003
25893.8,25962.3388
25893.8,25961.863400000002
25893.8,25970.1371
25893.8,25956.019700000004
25893.8,25976.313400000003
25893.8,25953.7611
25893.8,25969.812199999997
25893.8,25988.979900000006
25893.8,25953.1654
25893.8,25959.870000000003
25885.6,25947.362799999995
25885.6,25951.6021
25885.6,25959.285300000003
25885.6,25974.334099999996
25881.3,25954.719300000004
25869.4,25960.9335
25869.4,25976.952999999998
25869.4,25973.0671
25865.1,25968.0389
25865.1,25981.105900000002
25865.1,26002.479199999998
25865.1,26041.461100000004
25865.1,26027.476599999998
25865.1,25989.130100000002
25865.1,25923.261799999997
25865.1,25947.138999999996
25865.1,25943.301100000004
25865.1,25961.607900000003
25865.1,25947.198599999996
25865.1,25937.320599999995
25865.1,25935.526699999995
25865.1,25940.786700000004
25865.1,25940.4254
25865.1,25945.404799999997
25865.1,25969.962299999996
25865.1,25947.953499999996
25865.1,25978.5878
25865.1,25938.1347
25865.1,25946.584000000003
25865.1,25953.181900000003
25865.1,25917.9465
25865.1,25929.1368
25865.1,25943.509199999993
25865.1,25944.0836
25865.1,25932.5558
25865.1,25929.037399999994
25865.1,25949.586600000002
25865.1,25943.7328
25865.1,25943.779800000004
25865.1,25958.3531
25865.1,25957.2854
25865.1,25942.452999999998
25865.1,25949.5049
25865.1,25955.571400000004
25865.1,25939.085
25865.1,25927.8571
25865.1,25955.7333
25865.1,25948.983500000006
25865.1,25945.905400000003
25865.1,25937.1348
25865.1,25928.918300000005
25865.1,25927.182200000003
25865.1,25946.001599999996
25865.1,25938.6014
25865.1,25961.403400000003
25865.1,25947.738199999996
25865.1,25933.4859
25865.1,25942.5455
25865.1,25929.677100000008
25865.1,25932.6031
25865.1,25937.451800000003
25865.1,25938.1293
25865.1,25943.601599999995
25865.1,25945.6244
25865.1,25950.230000000003
25853.2,25944.5337
25853.2,25972.356999999996
25853.2,25953.8143
25853.2,25948.767799999998
25853.2,25948.162
25853.2,25957.3825
25853.2,25943.920999999995
25853.05,25959.1621
25853.05,25931.342000000004
25853.05,25971.023100000002
25853.05,25961.3333
25853.05,25985.6317
25853.05,25986.3814
25853.05,25991.5978
25853.05,25976.6103
25853.05,26014.403599999998
25853.05,26048.5999
25853.05,26055.790899999996
25853.05,26077.814299999995
25853.05,26021.2723
25853.05,25994.662099999994
25853.05,25944.868400000003
25853.05,25959.2682
25853.05,25948.9583
25853.05,25945.5035
25853.05,25964.978099999997
25853.05,25948.258700000002
25853.05,25961.558999999997
25853.05,25938.080200000004
25853.05,25928.582799999996
25853.05,25948.1791
25853.05,25955.120800000004
25853.05,25970.961099999997
25853.05,25960.263899999998
25853.05,26000.7155
25853.05,25971.4404
25853.05,25998.4032
25853.05,25961.444799999997
25853.05,25962.8258
25853.05,25955.07
25853.05,25957.586700000003
25853.05,25968.4307
25853.05,25972.9992
25853.05,25951.7965
25853.05,25951.4749
25853.05,25935.5375
25853.05,25915.343999999997
25853.05,25935.431400000005
25853.05,25938.638400000003
25853.05,25944.2627
25853.05,25950.686299999998
25853.05,25947.0818
25853.05,25959.384700000002
25853.05,25944.759100000003
25853.05,25961.7462
25853.05,25928.4796
25853.05,25935.3761
25853.05,25939.091899999996
25853.05,25953.905399999996
25853.05,25985.036200000002
25853.05,25980.017399999997
25853.05,25946.1601
25853.05,25948.370199999998
25853.05,25953.188500000004
25853.05,25951.319499999998
25853.05,25937.1314
25853.05,25953.960800000008
25853.05,25936.0167
25853.05,25947.194799999994
25853.05,25925.67100000001
25853.05,25966.4223
25853.05,25949.0484
25853.05,25955.6436
25853.05,25949.686400000002
25853.05,25951.9908
25853.05,25947.841600000007
25853.05,25939.995600000002
25853.05,25958.358599999996
25853.05,25973.1157
25853.05,25947.373199999998
25853.05,25951.004899999996
25853.05,25938.2406
25853.05,25942.9527
25853.05,25953.274599999997
25853.05,25964.770599999996
25853.05,26001.5053
25853.05,25962.322200000002
25853.05,25961.9468
25853.05,25965.9637
25853.05,25981.8353
25853.05,25948.138300000006
25853.05,25947.9726
25853.05,25944.5566
25853.05,25938.574100000005
25853.05,25947.6219
25853.05,25973.710799999997
25853.05,25951.846800000003
25853.05,25965.797400000003
25853.05,25938.569499999998
25853.05,25953.789
25853.05,25962.4956
25853.05,25954.419400000002
25853.05,25970.7474
25853.05,25967.5688
25853.05,25956.460800000004
25853.05,25982.661400000005
25853.05,25934.9359
25853.05,25933.6181
25853.05,25932.969100000002
25853.05,25945.3785
25853.05,25947.449800000002
25853.05,25984.058600000004
25853.05,25969.930199999995
25853.05,25960.326300000004
25853.05,25928.1693
25853.05,25936.631799999996
25853.05,25943.4724
25853.05,25941.693199999998
25853.05,25958.157799999994
25853.05,25942.6049
25848.75,25943.117599999998
25848.75,25968.8577
25848.75,25951.0153
25848.75,25957.024199999996
25848.75,25964.1464
25848.75,25952.2235
25848.75,25963.954400000002
25848.75,25941.3534
25848.75,25966.3184
25848.75,25940.305099999998
25848.75,25942.7933
25848.75,25959.6969
25848.75,25946.8367
25848.75,25964.443100000004
25848.75,25966.021400000005
25848.75,25967.1375
25848.75,25957.0208
25848.75,25943.3867
25848.75,25958.5117
25848.75,25964.6962
25848.75,25976.188499999997
25848.75,25971.0135
25848.75,25953.017099999994
25848.75,25986.494199999994
25848.75,25993.910299999996
25848.75,25973.405099999996
25848.75,25973.676
25848.75,25954.5813
25848.75,25984.1172
25848.75,26002.896400000005
25848.75,25986.9124
25848.75,26003.202199999996
25848.75,25974.1326
25848.75,25999.327299999997
25848.75,26001.186500000003
25848.75,25989.3712
25848.75,26034.772399999998
25848.75,26028.450999999994
25848.75,26061.747899999995
25848.75,26040.446
25848.75,26056.055400000005
25848.75,26058.079299999998
25848.75,26099.5535
25848.75,26131.6425
25848.75,26179.934400000002
25848.75,26239.895999999997
25848.75,26129.990999999998
25848.75,26047.013400000003
25848.75,25996.787200000002
25848.75,25998.786299999996
25848.75,25982.5995
25848.75,26002.4093
25848.75,25993.9288
25848.75,26005.853
25848.75,26010.9436
25848.75,26037.2657
25848.75,26085.2046
25848.75,26067.122399999997
25848.75,26148.249099999997
25848.75,26126.146300000004
25848.75,25997.023500000003
25848.75,25939.451800000006
25848.75,25946.201099999995
25848.75,25958.000399999997
25848.75,25933.4679
25848.75,25962.7534
25848.75,25971.210999999992
25848.75,25973.3678
25848.75,25973.974
25848.75,25997.978400000004
25848.75,26030.1659
25848.75,25992.344
25848.75,25963.0867
25848.75,25935.5244
25848.75,25923.989400000002
25848.75,25910.771
25848.75,25907.5099
25848.75,25909.344300000004
25848.75,25922.3383
25848.75,25910.7461
25848.75,25918.0429
25848.75,25922.670800000004
25848.75,25908.8509
25848.75,25909.947000000004
25848.75,25917.743800000004
25848.75,25916.400800000003
25848.75,25930.722
25848.75,25902.116100000003
25848.75,25915.166800000003
25848.75,25909.483000000007
25848.75,25900.145800000006
25848.75,25920.985299999997
25848.75,25908.2467
25848.75,25910.1424
25848.75,25909.4461
25848.75,25914.2819
25848.75,25902.4395
25848.75,25911.5728
25848.75,25927.9885
25848.75,25890.8863
25848.75,25918.362800000003
25848.75,25898.721800000003
25848.75,25911.2943
25848.75,25912.390400000004
25848.75,25914.4916
25848.75,25924.0356
25848.75,25926.4433
25848.75,25914.379600000004
25848.75,25900.3813
25848.75,25928.728400000004
25848.75,25904.820300000003
25848.75,25918.3676
25848.75,25918.6556
25848.75,25916.583499999997
25848.75,25907.879
25848.75,25910.3145
25848.75,25918.665
25848.75,25902.001300000004
25848.75,25922.238
25848.75,25915.647300000004
25848.75,25907.987999999998
25848.75,25920.538399999998
25848.75,25902.407499999998
25848.75,25907.535900000003
25848.75,25922.356
25848.75,25910.907799999997
25848.75,25902.943699999996
25848.75,25906.022
25848.75,25905.4992
25848.75,25909.8583
25848.75,25891.866400000003
25848.75,25912.937700000002
25848.75,25935.620600000002
25848.75,25900.9046
25848.75,25921.8782
25848.75,25894.419
25848.75,25931.519699999997
25848.75,25912.0824
25848.75,25904.788299999997
25848.75,25904.3739
25848.75,25916.2555
25848.75,25908.9907
25848.75,25915.540100000006
25848.75,25920.6576
25848.75,25907.655899999998
25848.75,25909.459800000004
25848.75,25924.3372
25848.75,25906.216699999997
25848.75,25904.970999999998
25848.75,25903.868300000002
25848.75,25929.0708
25848.75,25912.3004
25848.75,25898.922400000003
25848.75,25895.864900000008
25848.75,25918.761900000005
25848.75,25908.4969
25848.75,25924.542199999996
25848.75,25920.853499999994
25848.75,25921.5383
25848.75,25925.337299999996
25848.75,25922.281
25848.75,25899.4044
25848.75,25910.5061
25848.75,25923.5588
25848.75,25919.6482
25848.75,25902.3845
25848.75,25895.3588
25848.75,25910.011300000002
25848.75,25918.1298
25848.75,25916.6944
25848.75,25880.3254
25848.75,25904.4637
25848.75,25906.832100000003
25848.75,25908.3704
25848.75,25919.015000000003
25848.75,25912.0148
25848.75,25899.6215
25848.75,25918.7721
25848.75,25896.7964
25848.75,25898.118299999995
25848.75,25906.419199999997
25848.75,25928.988899999997
25848.75,25912.3019
25848.75,25922.961400000007
25848.75,25918.806099999998
25848.75,25912.0258
25848.75,25922.1782
25848.75,25904.3784
25848.75,25922.9736
25848.75,25919.3333
25848.75,25908.591399999998
25848.75,25918.890300000006
25848.75,25915.4141
25848.75,25921.627300000004
25848.75,25911.4815
25848.75,25909.106200000002
25848.75,25905.5927
25848.75,25906.2033
25848.75,25905.548899999998
25848.75,25915.4152
25848.75,25909.830800000003
25848.75,25909.737599999997
25848.75,25908.9548
25848.75,25913.4162
25848.75,25899.779500000004
25848.75,25918.7752
25848.75,25897.739599999997
25848.75,25903.1086
25848.75,25928.568
25848.75,25913.2854
25848.75,25910.587600000006
25848.75,25916.071999999996
25848.75,25920.1379
25848.75,25931.7042
25848.75,25913.475599999998
25848.75,25893.2172
25848.75,25912.130100000002
25848.75,25925.903699999995
25848.75,25913.994599999998
25848.75,25911.676699999996
25848.75,25909.416400000002
25848.75,25904.072399999994
25848.75,25907.0875
25848.75,25912.742299999998
25848.75,25913.8892
25848.75,25903.211399999997
25848.75,25904.584399999996
25848.75,25906.202699999998
25848.75,25904.148500000003
25848.75,25916.131899999997
25848.75,25910.095999999998
25848.75,25909.727
25848.75,25902.0206
25848.75,25898.1273
25848.75,25914.7336
25848.75,25915.5348
25848.75,25930.1152
25848.75,25905.3157
25848.75,25911.191300000006
25848.75,25918.342299999997
25848.75,25914.359600000003
25848.75,25909.903599999998
25848.75,25901.826999999997
25848.75,25914.541200000003
25848.75,25942.870699999996
25848.75,25908.798900000005
25848.75,25922.228799999997
25848.75,25903.097299999998
25848.75,25926.9803
25848.75,25922.6525
25848.75,25908.1307
25848.75,25896.104000000003
25848.75,25926.0431
25848.75,25912.804799999998
25848.75,25908.213999999996
25848.75,25898.5108
25848.75,25903.302000000003
25848.75,25936.937099999996
25848.75,25919.993400000003
25848.75,25900.4677
25848.75,25910.0268
25848.75,25916.455700000002
25848.75,25914.9429
25848.75,25922.188100000003
25848.75,25910.237999999998
25848.75,25905.328599999997
25848.75,25905.369799999993
25848.75,25910.537000000004
25848.75,25901.915800000002
25848.75,25916.0815
25848.75,25918.025
25848.75,25899.007800000003
25848.75,25918.5954
25848.75,25893.9031
25848.75,25917.481200000002
25848.75,25909.239999999998
25848.75,25925.558999999997
25848.75,25927.3853
25848.75,25921.215999999997
25848.75,25913.056699999997
25848.75,25916.245799999997
25848.75,25915.3659
25848.75,25917.2345
25848.75,25921.5228
25848.75,25927.251
25848.75,25899.936999999998
25848.75,25916.106799999998
25848.75,25902.397899999993
25848.75,25919.043299999998
25848.75,25917.2364
25848.75,25900.3684
25848.75,25920.512
25848.75,25913.459899999994
25848.75,25917.382099999995
25848.75,25909.199399999998
25848.75,25913.2283
25848.75,25909.9822
25848.75,25911.4655
25848.75,25908.0606
25848.75,25921.1076
25848.75,25891.744599999998
25848.75,25921.302100000004
25848.75,25922.227700000003
25848.75,25908.668400000002
25848.75,25905.8056
25848.75,25912.656300000002
25848.75,25920.1985
25848.75,25913.939199999997
25848.75,25912.495499999997
25848.75,25913.659099999997
25848.75,25922.404599999994
25848.75,25920.8637
25848.75,25906.6217
25848.75,25908.618100000003
25848.75,25913.9548
25848.75,25904.828400000002
25848.75,25916.626899999996
25848.75,25891.512200000005
25848.75,25903.326199999996
25848.75,25921.866500000004
25848.75,25908.152700000002
25848.75,25926.407700000003
25848.75,25906.6861
25848.75,25914.343400000005
25848.75,25913.312899999997
25848.75,25910.529700000003
25848.75,25911.142799999998
25848.75,25917.321400000004
25848.75,25922.922700000003
25848.75,25893.820799999998
25848.75,25924.9701
25848.75,25904.916299999997
25848.75,25908.8059
25848.75,25929.31
25848.75,25905.446600000003
25848.75,25926.4894
25848.75,25902.8518
25848.75,25918.1121
25848.75,25897.0461
25848.75,25918.0418
25848.75,25908.3983
25848.75,25913.4119
25848.75,25909.5789
25848.75,25912.543599999997
25848.75,25913.706100000003
25848.75,25917.797400000003
25848.75,25908.788399999998
25848.75,25908.4476
25848.75,25914.1345
25848.75,25909.906500000005
25848.75,25915.012800000004
25848.75,25898.3243
25848.75,25925.5354
25848.75,25915.838100000004
25848.75,25908.0467
25848.75,25897.270200000003
25848.75,25900.6867
25848.75,25920.859699999997
25848.75,25920.8676
25848.75,25899.2854
25848.75,25907.659
25848.75,25899.296899999998
25848.75,25908.712699999996
25848.75,25921.2048
25848.75,25917.841800000002
25848.75,25902.943399999996
25848.75,25911.48669999999
25848.75,25910.422599999998
25848.75,25911.709300000002
25848.75,25911.760500000004
25848.75,25912.031
25848.75,25921.5023
25848.75,25905.408000000003
25848.75,25936.6343
25848.75,25912.8843
25848.75,25909.1949
25848.75,25917.662600000003
25848.75,25907.246600000002
25848.75,25917.3897
25848.75,25920.2987
25848.75,25920.191
25848.75,25913.289500000006
25848.75,25914.1724
25848.75,25918.6991
25848.75,25911.7837
25848.75,25907.868699999995
25848.75,25917.154700000003
25848.75,25916.6844
25848.75,25913.2604
25848.75,25898.7996
25848.75,25906.994499999997
25848.75,25902.812400000003
25848.75,25901.017300000003
25848.75,25900.9217
25848.75,25929.179699999997
25848.75,25903.065199999997
25848.75,25905.054899999996
25848.75,25928.955599999998
25848.75,25897.846200000004
25848.75,25910.795399999995
25848.75,25918.8521
25848.75,25924.566199999997
25848.75,25914.7564
25848.75,25921.5244
25848.75,25906.323299999996
25848.75,25934.5287
25848.75,25906.718999999997
25848.75,25900.304799999998
25848.75,25914.122300000003
25848.75,25892.177600000003
25848.75,25919.720600000004
25848.75,25910.2049
25848.75,25913.415200000003
25848.75,25920.477199999998
25848.75,25908.375200000002
25848.75,25900.338799999998
25848.75,25908.3338
25848.75,25910.460100000004
25848.75,25912.1773
25848.75,25906.992299999998
25848.75,25903.975099999996
25848.75,25917.796500000004
25848.75,25916.893300000003
25848.75,25909.2255
25848.75,25906.216300000004
25848.75,25899.0429
25848.75,25899.8091
25848.75,25920.1753
25848.75,25917.521900000003
25848.75,25930.744100000004
25848.75,25909.594700000005
25848.75,25908.609599999992
25848.75,25907.7786
25848.75,25915.759700000002
25848.75,25917.8445
25848.75,25907.362000000005
25848.75,25903.4471
25848.75,25904.516200000002
25848.75,25904.4753
25848.75,25933.244099999996
25848.75,25917.5788
25848.75,25912.8077
25848.75,25913.928000000004
25848.75,25916.7785
25848.75,25908.008700000002
25848.75,25917.121900000002
25848.75,25910.212999999996
25848.75,25909.166300000004
25848.75,25933.5743
25848.75,25922.030600000002
25848.75,25913.3255
25848.75,25909.357999999997
25848.75,25907.859900000003
25848.75,25910.710499999997
25848.75,25906.857699999993
25848.75,25915.185500000003
25848.75,25928.220299999997
25848.75,25918.664
25848.75,25918.789600000004
25848.75,25916.235200000003
25848.75,25897.495899999994
25848.75,25902.8527
25848.75,25898.988999999998
25848.75,25904.944199999998
25848.75,25918.3654
25848.75,25926.7584
25848.75,25907.131799999996
25848.75,25908.359600000003
25848.75,25900.481600000006
25848.75,25925.987
25848.75,25906.760700000003
25848.75,25913.3296
25848.75,25914.3029
25848.75,25906.018600000003
25848.75,25907.2095
25848.75,25912.347599999997
25848.75,25918.803499999998
25848.75,25910.812299999998
25848.75,25926.830500000004
25848.75,25898.944199999998
25848.75,25906.3184
25848.75,25913.3429
25848.75,25899.2038
25848.75,25895.5583
25848.75,25909.0847
25848.75,25916.480699999996
25848.75,25923.2649
25848.75,25907.122000000003
25848.75,25903.0032
25848.75,25895.945
25848.75,25906.2755
25848.75,25915.5632
25848.75,25915.238299999994
25848.75,25925.298799999997
25848.75,25930.8417
25848.75,25905.624799999998
25848.75,25910.367800000004
25848.75,25916.186700000002
25848.75,25910.055199999995
25848.75,25911.9725
25848.75,25906.736999999997
25848.75,25909.718599999997
25848.75,25919.8351
25848.75,25910.92880000001
25848.75,25911.1639
25848.75,25922.4254
25848.75,25910.492700000003
25848.75,25919.989899999993
25848.75,25918.2027
25848.75,25892.955799999996
25848.75,25922.552499999998
25848.75,25904.3036
25848.75,25909.9189
25848.75,25928.225599999998
25848.75,25902.856499999994
25848.75,25915.894200000002
25848.75,25909.125999999997
25848.75,25908.110600000004
25848.75,25915.977300000006
25848.75,25904.142799999998
25848.75,25910.004100000002
25848.75,25923.025599999997
25848.75,25915.049
25848.75,25924.693700000003
25848.75,25914.2994
25848.75,25916.666400000006
25848.75,25899.9775
25848.75,25919.650700000002
25848.75,25907.735999999997
25848.75,25920.248499999998
25848.75,25922.939200000004
25848.75,25901.1984
25848.75,25905.235200000003
25848.75,25930.199
25848.75,25920.032300000003
25848.75,25919.4017
25848.75,25904.593399999994
25848.75,25897.4259
25848.75,25916.3099
25848.75,25920.422599999998
25848.75,25907.0068
25848.75,25915.8449
25848.75,25894.5608
25848.75,25919.2682
25848.75,25908.965799999998
25848.75,25894.626799999995
25848.75,25907.835400000004
25848.75,25909.791599999997
25848.75,25913.555100000005
25848.75,25901.8861
25848.75,25906.245200000005
25848.75,25913.749600000003
25848.75,25922.776199999997
25848.75,25920.7559
25848.75,25898.746700000003
25848.75,25907.373600000003
25848.75,25914.162499999995
25848.75,25911.705
25848.75,25905.156600000002
25848.75,25919.761599999998
25848.75,25913.6206
25848.75,25923.882999999998
25848.75,25909.841
25848.75,25914.673899999998
25848.75,25915.437
25848.75,25910.763499999997
25848.75,25934.119800000004
25848.75,25910.790999999997
25848.75,25906.6838
25848.75,25920.5924
25848.75,25914.0614
25848.75,25933.0543
25848.75,25906.461199999998
25848.75,25922.3548
25848.75,25929.7506
25848.75,25910.822600000003
25848.75,25915.979199999998
25848.75,25915.2294
25848.75,25904.4055
25848.75,25914.7944
25848.75,25934.002399999998
25848.75,25919.057699999998
25848.75,25907.7614
25848.75,25904.124799999998
25848.75,25900.556999999993
25848.75,25892.175000000003
25848.75,25920.106200000002
25848.75,25917.928399999997
25848.75,25919.327200000003
25848.75,25899.366199999997
25848.75,25922.674399999996
25848.75,25919.969999999998
25848.75,25914.353900000002
25848.75,25919.0588
25848.75,25908.335499999997
25848.75,25904.8743
25848.75,25898.6746
25848.75,25922.501500000002
25848.75,25915.374699999997
25848.75,25914.6529
25848.75,25918.230100000004
25848.75,25925.8841
25848.75,25910.9973
25848.75,25906.266900000002
25848.75,25923.8879
25848.75,25914.9741
25848.75,25918.6008
25848.75,25901.6497
25848.75,25914.2319
25848.75,25912.1713
25848.75,25924.1585
25848.75,25923.5311
25848.75,25921.6463
25848.75,25910.156899999994
25848.75,25917.660900000003
25848.75,25906.0703
25848.75,25902.824700000005
25848.75,25907.397900000004
25848.75,25917.3659
25848.75,25909.3879
25848.75,25904.595
25848.75,25912.3562
25848.75,25909.967800000002
25848.75,25911.757399999995
25848.75,25915.4729
25848.75,25909.577899999997
25848.75,25902.266799999998
25848.75,25912.2852
25848.75,25905.807300000004
25848.75,25921.5914
25848.75,25904.877500000002
25848.75,25890.4487
25848.75,25901.297300000002
25848.75,25904.7501
25848.75,25912.4725
25848.75,25905.867399999996
25848.75,25903.2982
25848.75,25919.966900000003
25848.75,25917.0802
25848.75,25930.2501
25848.75,25906.980000000003
25848.75,25904.6474
25848.75,25909.4774
25848.75,25905.3497
25848.75,25900.187899999997
25848.75,25908.947799999998
25848.75,25918.6817
25848.75,25914.2381
25848.75,25926.371400000004
25848.75,25903.2152
25848.75,25917.472699999995
25848.75,25916.099599999994
25848.75,25902.2487
25848.75,25916.437399999995
25848.75,25905.439000000006
25848.75,25913.2552
25848.75,25902.268700000004
25848.75,25900.269500000002
25848.75,25925.4116
25848.75,25908.175300000003
25848.75,25916.960000000003
25848.75,25927.0176
25848.75,25909.913399999998
25848.75,25910.0899
25848.75,25921.522399999998
25848.75,25898.8761
25848.75,25936.864599999997
25848.75,25897.618700000003
25848.75,25913.0472
25848.75,25918.462299999992
25848.75,25912.335199999998
25848.75,25918.249699999997
25848.75,25899.6402
25848.75,25916.463199999995
25848.75,25915.570499999998
25848.75,25908.887100000004
25848.75,25927.283999999996
25848.75,25924.993599999998
25848.75,25906.303299999996
25848.75,25919.178099999997
