BestFitnessMean,AverageFitnessMean
52533.7,87568.0607
44116.25,73879.1511
39827.95,64059.01849999999
36480.65,56668.81019999999
34794.1,50179.9758
33149.5,45789.55000000001
31397.55,43155.845799999996
30117.1,41030.22340000001
29342.85,39323.033
28809.5,37740.7987
27957.75,36492.8749
27431.3,35232.6501
27137.05,33919.0602
26976.2,32812.700600000004
26777.0,32349.043799999996
26630.65,31487.80820000001
26504.95,30828.102600000006
26389.1,30260.140600000002
26312.05,30132.932
26257.95,29715.537700000004
26199.45,29450.650800000003
26143.2,29020.770999999997
26076.05,28794.3684
26036.1,28593.845
26002.85,28137.756100000006
25978.85,28003.8961
25967.7,27453.610999999997
25925.8,27149.325199999992
25923.5,27059.244400000003
25918.9,26908.8368
25918.9,26703.094
25915.6,26744.500799999998
25915.3,26724.168299999998
25912.15,26615.319100000004
25907.85,26679.183999999997
25903.05,26696.5
25872.65,26548.1947
25868.35,26489.360600000004
25855.4,26500.2363
25855.4,26488.8652
25855.4,26383.848199999997
25855.25,26356.867400000006
25855.25,26215.288899999996
25850.25,26241.801999999996
25850.25,26288.054199999995
25850.25,26233.229799999994
25850.25,26283.9842
25850.25,26305.917199999996
25850.25,26268.3629
25850.25,26289.8473
25850.25,26286.1527
25850.25,26323.0519
25850.25,26310.652599999994
25850.25,26312.393699999997
25850.25,26355.350400000003
25850.25,26341.085099999997
25850.25,26324.358
25850.25,26253.9569
25850.25,26234.964800000005
25850.25,26223.578100000002
25850.25,26192.0397
25850.25,26166.4864
25850.25,26227.8076
25850.25,26246.162299999996
25850.25,26181.4287
25842.05,26199.916
25842.05,26221.305200000003
25842.05,26209.306900000003
25842.05,26232.046299999995
25842.05,26186.564700000006
25842.05,26218.2849
25841.9,26177.432399999998
25841.9,26224.124699999997
25841.9,26194.2391
25841.9,26263.230699999996
25841.9,26247.240800000007
25841.9,26269.875200000002
25841.9,26253.497599999995
25841.9,26237.650400000002
25841.9,26233.331400000003
25841.9,26145.4674
25841.9,26143.649299999997
25841.9,26153.2622
25841.9,26189.545600000005
25841.9,26152.0472
25841.9,26142.350899999998
25841.9,26143.376299999996
25841.9,26150.6775
25841.9,26161.0804
25841.9,26197.969900000004
25841.9,26134.306600000004
25841.9,26156.009200000004
25841.9,26118.5523
25841.75,26152.380800000003
25841.75,26134.1884
25841.75,26151.6809
25841.75,26196.5675
25841.75,26160.6489
25841.75,26156.1705
25841.75,26183.500400000004
25841.75,26129.5875
25841.75,26166.159099999997
25841.75,26195.4204
25841.75,26174.5464
25841.75,26183.2642
25841.75,26139.7813
25841.75,26148.6956
25841.75,26164.732500000002
25841.75,26174.6315
25841.75,26146.1149
25841.75,26199.868900000005
25841.75,26193.349799999996
25841.75,26203.749100000005
25841.75,26184.112499999996
25841.75,26161.100400000003
25841.75,26155.3785
25841.75,26186.767300000003
25841.75,26149.594200000003
25841.75,26178.8076
25841.75,26205.1165
25841.75,26153.498500000005
25841.75,26162.261
25841.75,26163.2619
25841.75,26177.359000000004
25841.75,26154.43669999999
25841.75,26162.107200000002
25841.75,26147.815500000004
25841.75,26166.011599999998
25841.75,26207.58950000001
25841.75,26181.2611
25841.75,26160.8926
25841.75,26153.3598
25841.75,26165.282099999993
25841.75,26145.1999
25841.75,26160.543299999998
25841.75,26136.8329
25841.75,26184.655199999997
25841.75,26206.2107
25841.75,26149.015400000004
25841.75,26131.1798
25841.75,26153.3479
25841.75,26137.9309
25841.75,26202.107600000003
25841.75,26158.9643
25841.75,26196.9542
25841.75,26199.959500000004
25841.75,26148.947600000003
25841.75,26185.338599999995
25841.75,26142.380600000004
25841.75,26177.092299999997
25841.75,26150.422499999997
25841.75,26146.960199999998
25841.75,26181.0381
25841.75,26156.256300000005
25841.75,26159.899699999998
25841.75,26172.5811
25841.75,26183.748
25841.75,26108.6921
25841.75,26172.4067
25841.75,26144.427099999997
25841.75,26149.6865
25841.75,26182.8712
25841.75,26143.968
25841.75,26176.837299999992
25841.75,26169.814300000002
25841.75,26175.1577
25841.75,26136.8376
25841.75,26129.0872
25841.75,26149.9849
25841.75,26180.9294
25841.75,26167.6451
25841.75,26143.551700000004
25841.75,26114.7782
25841.75,26147.9403
25841.75,26152.5933
25841.75,26146.1215
25841.75,26182.9347
25841.75,26145.538800000002
25841.75,26156.2848
25841.75,26186.736600000004
25841.75,26166.089300000003
25841.75,26131.0802
25841.75,26177.9272
25841.75,26169.276900000004
25841.75,26163.295699999995
25841.75,26170.625400000004
25841.75,26150.103100000004
25841.75,26182.434400000002
25841.75,26178.1679
25841.75,26146.3335
25841.75,26152.847400000002
25841.75,26191.778500000008
25841.75,26166.8993
25841.75,26150.934599999997
25841.75,26162.1889
25841.75,26184.21130000001
25841.75,26167.469700000005
25841.75,26191.014700000003
25841.75,26151.834900000005
25841.75,26157.8537
25841.75,26149.968100000006
25841.75,26195.818700000003
25841.75,26171.706299999998
25841.75,26169.665500000003
25841.75,26189.952
25841.75,26170.2202
25841.75,26196.6758
25841.75,26191.9896
25841.75,26142.544400000002
25841.75,26175.1928
25841.75,26196.681600000004
25841.75,26125.7195
25841.75,26165.1527
25841.75,26200.557600000004
25841.75,26152.505999999998
25841.75,26199.6
25841.75,26149.600400000003
25841.75,26140.912699999997
25841.75,26179.3645
25841.75,26141.700599999996
25841.75,26139.130599999997
25841.75,26156.5251
25841.75,26173.0691
25841.75,26127.5741
25841.75,26163.565100000003
25841.75,26160.0819
25841.75,26164.062799999996
25841.75,26169.052899999995
25841.75,26136.652799999996
25841.75,26126.827100000002
25841.75,26158.865900000004
25841.75,26164.021999999997
25841.75,26174.687499999996
25841.75,26200.859900000003
25841.75,26151.9778
25841.75,26159.378599999996
25841.75,26105.792900000004
25841.75,26139.670600000005
25841.75,26172.5445
25841.75,26161.787800000002
25841.75,26164.2181
25841.75,26156.95429999999
25841.75,26148.548499999997
25841.75,26187.226499999997
25841.75,26174.5599
25841.75,26198.492700000003
25841.75,26153.549900000005
25841.75,26144.905499999997
25841.75,26151.249000000003
25841.75,26165.5241
25841.75,26194.701100000002
25841.75,26159.566700000003
25841.75,26138.5546
25841.75,26171.677
25841.75,26153.8997
25841.75,26166.4459
25841.75,26173.840999999997
25841.75,26178.11
25841.75,26146.283199999998
25841.75,26154.418199999996
25841.75,26180.242899999997
25841.75,26172.572699999997
25841.75,26131.526699999995
25841.75,26172.188499999997
25841.75,26198.3937
25841.75,26120.653199999997
25841.75,26170.529299999995
25841.75,26133.294199999997
25841.75,26164.8661
25841.75,26136.665999999994
25841.75,26168.3335
25841.75,26167.414999999997
25841.75,26174.240800000003
25841.75,26174.173700000003
25841.75,26192.0819
25841.75,26175.2385
25841.75,26171.2097
25841.75,26123.716199999995
25841.75,26164.1174
25841.75,26191.6813
25841.75,26149.349700000002
25841.75,26191.034999999996
25841.75,26159.6279
25841.75,26176.3053
25841.75,26162.553599999996
25841.75,26182.276099999995
25841.75,26160.505200000003
25841.75,26132.056099999998
25841.75,26169.328199999996
25841.75,26199.3969
25841.75,26142.077999999998
25841.75,26175.098799999996
25841.75,26162.6498
25841.75,26168.7411
25841.75,26133.0217
25841.75,26140.8586
25841.75,26146.917000000005
25841.75,26152.4677
25841.75,26203.809199999996
25841.75,26137.0008
25841.75,26143.122
25841.75,26219.1714
25841.75,26170.4301
25841.75,26147.330300000005
25841.75,26172.106900000002
25841.75,26166.861
25841.75,26143.572600000003
25841.75,26171.688500000004
25841.75,26185.9741
25841.75,26121.311299999998
25841.75,26145.204400000002
25841.75,26178.563799999996
25841.75,26150.8132
25841.75,26154.8013
25841.75,26170.525400000002
25841.75,26149.557099999998
25841.75,26161.812100000003
25841.75,26189.058300000004
25841.75,26133.396299999997
25841.75,26154.121600000002
25841.75,26156.917600000004
25841.75,26147.413700000005
25841.75,26173.5478
25841.75,26165.1625
25841.75,26129.303399999997
25841.75,26139.261399999996
25841.75,26168.638899999998
25841.75,26158.398800000003
25841.75,26198.3203
25841.75,26172.584
25841.75,26158.206299999998
25841.75,26175.667999999998
25841.75,26179.8335
25841.75,26176.110800000002
25841.75,26180.2529
25841.75,26132.625700000004
25841.75,26184.7138
25841.75,26158.953700000002
25841.75,26138.418899999997
25841.75,26160.0182
25841.75,26166.181799999995
25841.75,26164.052
25841.75,26171.9174
25841.75,26158.573299999996
25841.75,26152.3076
25841.75,26188.123599999995
25841.75,26154.699
25841.75,26146.606999999996
25841.75,26149.232500000006
25841.75,26174.225300000002
25841.75,26161.9216
25841.75,26158.301499999998
25841.75,26173.308000000008
25841.75,26118.5815
25841.75,26144.272799999995
25841.75,26138.2141
25841.75,26197.450900000003
25841.75,26175.4543
25841.75,26170.4222
25841.75,26167.0661
25841.75,26163.880899999996
25841.75,26155.934500000003
25841.75,26152.699900000003
25841.75,26164.8715
25841.75,26136.8658
25841.75,26153.173400000003
25841.75,26186.468199999996
25841.75,26157.2824
25841.75,26150.579099999995
25841.75,26149.274400000002
25841.75,26152.050999999996
25841.75,26186.244
25841.75,26144.935600000004
25841.75,26129.335400000004
25841.75,26188.799699999996
25841.75,26192.0751
25841.75,26168.216800000002
25841.75,26133.534999999996
25841.75,26183.433700000005
25841.75,26186.110400000005
25841.75,26137.992799999996
25841.75,26154.090600000003
25841.75,26215.5774
25841.75,26121.6325
25841.75,26158.5011
25841.75,26230.828599999997
25841.75,26187.016000000003
25841.75,26119.737800000003
25841.75,26153.729699999996
25841.75,26171.077299999997
25841.75,26130.209199999998
25841.75,26149.4658
25841.75,26155.884800000003
25841.75,26152.107600000003
25841.75,26169.148300000004
25841.75,26171.0099
25841.75,26163.435999999998
25841.75,26161.586199999998
25841.75,26127.307099999998
25841.75,26138.5515
25841.75,26208.5536
25841.75,26152.462300000003
25841.75,26146.427600000003
25841.75,26149.335400000004
25841.75,26138.296300000005
25841.75,26179.0333
25841.75,26114.053699999997
25841.75,26146.732799999998
25841.75,26148.994599999998
25841.75,26145.607500000002
25841.75,26141.8693
25841.75,26153.1635
25841.75,26139.7947
25841.75,26138.9793
25841.75,26200.859599999992
25841.75,26197.962399999997
25841.75,26127.693499999994
25841.75,26154.2888
25841.75,26196.458399999996
25841.75,26152.3484
25841.75,26171.7627
25841.75,26166.869800000004
25841.75,26186.6092
25841.75,26151.115899999997
25841.75,26172.825000000004
25841.75,26166.8838
25841.75,26201.101399999996
25841.75,26142.798899999998
25841.75,26175.673
25841.75,26189.033400000004
25841.75,26153.509
25841.75,26204.891600000003
25841.75,26185.3176
25841.75,26190.4146
25841.75,26207.083600000005
25841.75,26163.2992
25841.75,26163.018900000003
25841.75,26180.835600000002
25841.75,26147.183100000002
25841.75,26168.4046
25841.75,26147.302799999998
25841.75,26164.674600000006
25841.75,26216.2416
25841.75,26158.3454
25841.75,26177.750399999997
25841.75,26128.7467
25841.75,26124.6691
25841.75,26149.491400000003
25841.75,26175.883599999994
25841.75,26156.873099999997
25841.75,26148.864799999996
25841.75,26151.8047
25841.75,26118.5974
25841.75,26173.9272
25841.75,26162.634899999997
25841.75,26129.273799999995
25841.75,26156.555099999998
25841.75,26167.513300000002
25841.75,26180.001200000006
25841.75,26193.2436
25841.75,26172.0397
25841.75,26156.0124
25841.75,26130.393700000004
25841.75,26156.094100000002
25841.75,26162.8583
25841.75,26165.207899999998
25841.75,26187.557800000002
25841.75,26155.110399999998
25841.75,26148.79
25841.75,26148.3767
25841.75,26183.5485
25841.75,26203.058500000003
25841.75,26152.6371
25841.75,26141.795299999998
25841.75,26152.9518
25841.75,26170.429
25841.75,26168.977300000002
25841.75,26150.362499999996
25841.75,26181.439600000005
25841.75,26170.0075
25841.75,26156.712799999998
25841.75,26141.867100000007
25841.75,26144.2249
25841.75,26163.603299999995
25841.75,26186.897799999995
25841.75,26143.2145
25841.75,26157.7138
25841.75,26223.727900000005
25841.75,26127.918800000003
25841.75,26127.4811
25841.75,26221.180099999998
25841.75,26185.839399999997
25841.75,26181.8809
25841.75,26167.663000000004
25841.75,26150.3889
25841.75,26105.495299999995
25841.75,26160.8029
25841.75,26151.361699999998
25841.75,26119.5387
25841.75,26153.2717
25841.75,26118.0301
25841.75,26159.693900000002
25841.75,26154.520300000004
25841.75,26140.763800000004
25841.75,26162.695600000003
25841.75,26183.830899999997
25841.75,26148.143599999996
25841.75,26167.1924
25841.75,26118.317900000002
25841.75,26123.5633
25841.75,26160.3666
25841.75,26151.4545
25841.75,26215.3707
25841.75,26181.478099999997
25841.75,26159.2869
25841.75,26136.9137
25841.75,26164.554800000005
25841.75,26136.0605
25841.75,26161.972199999997
25841.75,26182.3081
25841.75,26168.229099999997
25841.75,26149.903100000003
25841.75,26168.299300000002
25841.75,26141.081100000003
25841.75,26136.137299999995
25841.75,26181.7287
25841.75,26125.264999999996
25841.75,26213.0599
25841.75,26157.481399999997
25841.75,26188.2211
25841.75,26162.2575
25841.75,26182.481399999997
25841.75,26140.6747
25841.75,26154.9215
25841.75,26167.815399999996
25841.75,26154.1555
25841.75,26126.952800000006
25841.75,26196.510499999997
25841.75,26148.1843
25841.75,26183.065099999996
25841.75,26149.995700000007
25841.75,26181.516
25841.75,26181.063799999996
25841.75,26164.309799999995
25841.75,26179.876399999997
25841.75,26162.2027
25841.75,26137.439399999996
25841.75,26163.618799999997
25841.75,26177.3649
25841.75,26141.738900000004
25841.75,26152.878800000002
25841.75,26159.18
25841.75,26143.898299999993
25841.75,26137.4775
25841.75,26180.6144
25841.75,26186.963499999998
25841.75,26168.485399999998
25841.75,26174.377000000004
25841.75,26137.914500000003
25841.75,26187.3084
25841.75,26169.5737
25841.75,26199.773800000003
25841.75,26198.4986
25841.75,26157.2066
25841.75,26179.610099999998
25841.75,26160.4374
25841.75,26141.4683
25841.75,26140.900099999995
25841.75,26210.2278
25841.75,26159.750699999997
25841.75,26147.939899999998
25841.75,26165.885100000003
25841.75,26195.982899999995
25841.75,26194.657000000003
25841.75,26174.819599999995
25841.75,26186.1717
25841.75,26171.886399999996
25841.75,26170.719600000004
25841.75,26137.6945
25841.75,26172.515500000005
25841.75,26139.013
25841.75,26152.903
25841.75,26162.687200000004
25841.75,26155.8713
25841.75,26123.774199999996
25841.75,26129.9087
25841.75,26145.7459
25841.75,26151.476799999997
25841.75,26157.8903
25841.75,26166.6665
25841.75,26149.564400000003
25841.75,26141.507400000002
25841.75,26156.656899999994
25841.75,26184.653499999997
25841.75,26157.9027
25841.75,26173.1743
25841.75,26154.000300000003
25841.75,26146.2306
25841.75,26174.092900000003
25841.75,26195.675199999998
25841.75,26180.570099999997
25841.75,26152.22209999999
25841.75,26185.2976
25841.75,26171.342099999998
25841.75,26170.042699999998
25841.75,26163.251899999996
25841.75,26138.820699999993
25841.75,26143.892
25841.75,26161.409800000005
25841.75,26184.391299999996
25841.75,26147.867199999997
25841.75,26152.2961
25841.75,26190.514100000004
25841.75,26163.009299999998
25841.75,26173.5495
25841.75,26184.0886
25841.75,26197.7593
25841.75,26125.1051
25841.75,26169.4079
25841.75,26147.994800000004
25841.75,26158.231900000002
25841.75,26136.541699999998
25841.75,26172.245600000002
25841.75,26122.4688
25841.75,26146.505300000004
25841.75,26173.852699999996
25841.75,26124.842699999997
25841.75,26161.087199999998
25841.75,26151.4635
25841.75,26172.002299999996
25841.75,26188.3969
25841.75,26170.627500000006
25841.75,26172.887
25841.75,26165.150300000005
25841.75,26160.179
25841.75,26141.744999999995
25841.75,26178.4161
25841.75,26150.394800000002
25841.75,26159.436199999993
25841.75,26170.175499999998
25841.75,26170.445
25841.75,26144.4579
25841.75,26162.831499999997
25841.75,26175.097299999998
25841.75,26165.186899999997
25841.75,26158.514000000003
25841.75,26177.155099999996
25841.75,26157.7412
25841.75,26176.8726
25841.75,26157.720599999993
25841.75,26138.798799999997
25841.75,26197.470899999997
25841.75,26120.435400000002
25841.75,26132.558900000004
25841.75,26141.164899999996
25841.75,26176.0941
25841.75,26191.556499999995
25841.75,26169.587
25841.75,26180.5589
25841.75,26180.656700000003
25841.75,26176.013900000005
25841.75,26151.6
25841.75,26142.086700000003
25841.75,26171.006100000006
25841.75,26133.5565
25841.75,26151.391
25841.75,26145.5841
25841.75,26179.944899999995
25841.75,26149.572800000005
25841.75,26166.269500000002
25841.75,26146.158600000002
25841.75,26170.5625
25841.75,26154.2896
25841.75,26143.169299999994
25841.75,26157.768300000003
25841.75,26149.588000000003
25841.75,26178.441400000003
25841.75,26161.678300000007
25841.75,26155.380699999998
25841.75,26109.750900000003
25841.75,26175.599900000005
25841.75,26158.591199999995
25841.75,26205.432999999997
25841.75,26162.568300000003
25841.75,26169.1806
25841.75,26171.7689
25841.75,26163.7381
25841.75,26158.6457
25841.75,26185.310999999994
25841.75,26172.198399999997
25841.75,26157.1172
25841.75,26140.475700000006
25841.75,26148.631
25841.75,26211.801099999997
25841.75,26144.7872
25841.75,26157.428399999997
25841.75,26177.4481
25841.75,26149.0864
25841.75,26201.4077
25841.75,26148.977699999996
25841.75,26176.566799999997
25841.75,26136.442599999995
25841.75,26131.745300000002
25841.75,26130.669199999997
25841.75,26156.851300000002
25841.75,26123.6077
25841.75,26197.6313
25841.75,26159.8993
25841.75,26178.534
25841.75,26201.062199999997
25841.75,26194.514400000004
25841.75,26155.061600000005
25841.75,26159.7189
25841.75,26169.586900000002
25841.75,26147.3714
25841.75,26170.533900000002
25841.75,26157.561299999994
25841.75,26158.8771
25841.75,26152.2131
25841.75,26163.6573
25841.75,26146.929200000006
25841.75,26176.633700000006
25841.75,26149.359099999998
25841.75,26134.6794
25841.75,26151.251200000002
25841.75,26172.649499999996
25841.75,26150.3283
25841.75,26174.316199999997
25841.75,26184.55779999999
25841.75,26145.674399999993
25841.75,26115.410099999997
25841.75,26127.8374
25841.75,26183.8148
25841.75,26170.912899999992
25841.75,26188.8436
25841.75,26163.34
25841.75,26152.5134
25841.75,26142.404999999995
25841.75,26146.398800000003
25841.75,26191.702000000005
25841.75,26168.225499999993
25841.75,26158.619100000004
25841.75,26161.762
25841.75,26146.9313
25841.75,26129.981699999997
25841.75,26124.1654
25841.75,26152.6018
25841.75,26149.614500000003
25841.75,26159.1569
25841.75,26171.7864
25841.75,26167.160400000004
25841.75,26162.8215
25841.75,26193.987
25841.75,26157.6946
25841.75,26136.0608
25841.75,26166.236799999995
25841.75,26145.75370000001
25841.75,26158.6368
25841.75,26124.001899999996
25841.75,26146.694900000002
25841.75,26135.5552
25841.75,26188.235800000002
25841.75,26178.4101
25841.75,26144.6965
25841.75,26192.567199999998
25841.75,26161.3935
25841.75,26163.7317
25841.75,26151.9007
25841.75,26164.363900000004
25841.75,26132.568099999997
25841.75,26135.3965
25841.75,26193.598000000005
25841.75,26150.405899999998
25841.75,26174.4646
25841.75,26137.255999999994
25841.75,26170.1367
25841.75,26178.388499999994
25841.75,26160.760099999996
25841.75,26175.3785
25841.75,26184.2606
25841.75,26124.505600000004
25841.75,26138.0664
25841.75,26174.759199999997
25841.75,26137.3364
25841.75,26157.629499999995
25841.75,26213.4126
25841.75,26179.4857
25841.75,26155.5648
25841.75,26186.5022
25841.75,26193.5296
25841.75,26154.175000000003
25841.75,26152.412200000002
25841.75,26175.956699999995
25841.75,26166.095100000006
25841.75,26148.178
25841.75,26188.255500000003
25841.75,26146.433500000006
25841.75,26146.031199999998
25841.75,26203.347700000006
25841.75,26204.736099999995
25841.75,26171.8571
25841.75,26183.4479
25841.75,26157.9549
25841.75,26147.874299999996
25841.75,26160.272299999997
25841.75,26203.521700000005
25841.75,26198.339399999997
25841.75,26165.746600000002
25841.75,26127.863500000003
25841.75,26126.159399999997
25841.75,26156.8424
25841.75,26201.846400000002
25841.75,26190.7643
25841.75,26156.413099999998
25841.75,26209.113400000002
25841.75,26187.456899999994
25841.75,26165.934199999996
25841.75,26164.819500000005
25841.75,26134.6875
25841.75,26190.331299999998
25841.75,26163.6824
25841.75,26129.782
25841.75,26168.5118
25841.75,26185.366299999998
25841.75,26163.127399999994
25841.75,26170.316600000002
25841.75,26187.3593
25841.75,26142.5964
25841.75,26162.978200000005
25841.75,26119.2807
25841.75,26180.990400000002
25841.75,26126.336499999998
25841.75,26154.6766
25841.75,26183.581700000002
25841.75,26170.998099999997
25841.75,26137.539299999997
25841.75,26166.109600000003
25841.75,26148.6163
25841.75,26139.655199999997
25841.75,26134.315000000002
25841.75,26157.559100000006
25841.75,26185.2143
25841.75,26148.460099999997
25841.75,26149.9255
25841.75,26176.4072
25841.75,26157.453700000005
25841.75,26208.846600000004
25841.75,26171.056299999997
25841.75,26156.1092
25841.75,26172.393799999998
25841.75,26157.412899999996
25841.75,26151.066799999993
25841.75,26136.1572
25841.75,26184.0194
25841.75,26126.399400000002
25841.75,26162.6033
25841.75,26150.575900000003
25841.75,26124.734800000006
25841.75,26209.5606
25841.75,26128.219
25841.75,26174.235099999998
25841.75,26180.533799999997
25841.75,26168.696900000003
25841.75,26186.331699999995
25841.75,26171.049600000002
25841.75,26180.1389
25841.75,26165.202699999998
25841.75,26210.352699999996
25841.75,26213.2675
25841.75,26161.359900000003
25841.75,26146.1502
25841.75,26163.3785
25841.75,26157.3298
25841.75,26167.2833
25841.75,26129.5334
25841.75,26180.4689
25841.75,26162.3092
25841.75,26165.063399999995
25841.75,26134.394599999996
25841.75,26117.9644
25841.75,26141.406599999995
25841.75,26171.227299999995
25841.75,26150.6769
25841.75,26162.187399999995
25841.75,26166.157400000004
25841.75,26181.890900000002
25841.75,26194.861200000007
25841.75,26192.2293
25841.75,26148.417200000004
25841.75,26131.3468
25841.75,26202.251900000003
25841.75,26139.735399999998
25841.75,26166.932500000003
25841.75,26157.7293
25841.75,26125.559
25841.75,26153.3739
25841.75,26167.0838
25841.75,26186.990799999996
25841.75,26155.731099999997
25841.75,26122.9791
25841.75,26153.1469
25841.75,26144.3064
25841.75,26144.998799999998
25841.75,26167.464500000002
25841.75,26181.585300000002
25841.75,26178.430399999997
25841.75,26146.4116
25841.75,26165.330899999997
25841.75,26185.7603
25841.75,26164.8346
25841.75,26141.450599999996
25841.75,26160.050999999996
25841.75,26145.67620000001
25841.75,26172.487699999994
25841.75,26196.949700000005
25841.75,26189.3559
25841.75,26118.598699999995
25841.75,26190.9338
25841.75,26147.615999999998
25841.75,26139.443
25841.75,26161.895599999996
25841.75,26124.6379
25841.75,26173.4556
25841.75,26151.067400000004
25841.75,26143.0761
25841.75,26143.5125
25841.75,26207.5624
25841.75,26176.5357
25841.75,26169.4649
25841.75,26189.6126
25841.75,26129.4686
25841.75,26175.834800000004
25841.75,26158.136100000003
25841.75,26120.713299999996
25841.75,26159.1184
25841.75,26149.0575
25841.75,26211.795
25841.75,26175.2087
25841.75,26165.726399999996
25841.75,26168.131
25841.75,26166.645300000004
25841.75,26147.6049
25841.75,26165.296
25841.75,26173.248199999995
25841.75,26189.563799999996
25841.75,26151.9125
25841.75,26143.063499999997
25841.75,26179.913800000002
25841.75,26223.429799999994
25841.75,26172.253300000004
25841.75,26216.372700000007
25841.75,26171.149900000008
25841.75,26134.2725
25841.75,26183.0589
25841.75,26139.756199999996
25841.75,26159.3488
25841.75,26158.2261
25841.75,26192.523200000003
25841.75,26181.68899999999
25841.75,26172.949799999995
25841.75,26172.484200000003
25841.75,26159.3355
25841.75,26176.115999999995
25841.75,26138.5347
25841.75,26166.902700000006
25841.75,26151.830800000003
25841.75,26139.0285
25841.75,26121.620000000003
25841.75,26135.818699999996
25841.75,26188.1956
25841.75,26159.672700000003
25841.75,26190.207199999997
25841.75,26198.3238
25841.75,26208.7709
25841.75,26161.297799999997
25841.75,26194.181
25841.75,26214.661100000005
25841.75,26158.467700000005
25841.75,26148.093399999998
25841.75,26178.236399999994
25841.75,26146.148499999996
25841.75,26185.443399999996
25841.75,26172.24229999999
25841.75,26157.415899999996
25841.75,26153.005900000004
25841.75,26146.3439
25841.75,26145.6191
25841.75,26170.553900000003
25841.75,26182.613299999997
25841.75,26142.2578
25841.75,26135.2054
25841.75,26186.8828
25841.75,26151.445700000004
25841.75,26201.656499999994
25841.75,26151.2762
25841.75,26174.667699999998
25841.75,26194.814900000005
25841.75,26154.452499999996
25841.75,26199.575299999997
25841.75,26147.847899999997
