BestFitnessMean,AverageFitnessMean
50015.6,87676.231
45307.3,78357.4291
41857.85,71564.57200000001
39624.75,65649.6859
37730.3,60770.7491
35939.9,56443.69579999999
34280.3,52706.35669999999
33420.35,49516.8545
32837.0,47446.4695
31978.45,45870.822199999995
31138.8,44730.536
30363.55,43653.5368
29537.2,42766.6508
29073.5,41977.74209999999
28559.1,41082.69530000001
28175.55,40235.89490000001
27870.55,39479.881
27710.35,38926.9236
27446.6,38318.50749999999
27297.35,37655.0536
27255.45,37037.417
27072.4,36460.1798
26971.2,35805.36159999999
26867.6,35176.7676
26758.0,34493.5863
26653.2,33839.658
26574.65,33374.8079
26480.35,32875.0091
26429.8,32535.139599999995
26358.75,32101.644800000002
26288.3,31703.8797
26227.4,31325.491099999996
26212.25,30934.3417
26153.75,30586.810999999998
26119.15,30372.977600000002
26086.1,30062.187599999997
26054.8,29719.019399999997
26026.05,29566.190900000005
26009.9,29300.6542
26007.25,29126.8078
25995.0,28878.9792
25984.9,28510.894900000003
25957.7,28315.4424
25922.8,28109.2529
25922.65,27904.5934
25922.5,27803.325800000002
25919.35,27722.336600000002
25919.2,27616.0486
25919.2,27765.884499999996
25903.0,27581.768299999996
25903.0,27466.956800000004
25903.0,27422.6278
25879.85,27325.332800000004
25879.85,27312.384700000002
25877.8,27217.477699999996
25877.65,27149.8464
25877.65,27012.324
25877.65,26824.420000000002
25875.9,26602.2853
25875.9,26618.5235
25863.95,26547.271399999998
25860.2,26560.810900000004
25860.2,26559.014399999996
25860.2,26617.1077
25860.2,26684.3989
25860.2,26620.0819
25860.2,26613.705800000003
25860.2,26548.2419
25860.2,26459.1279
25860.2,26535.704700000002
25860.2,26579.0843
25860.2,26560.846700000002
25860.2,26665.2054
25855.9,26630.7679
25855.9,26634.4114
25855.9,26602.352899999998
25855.9,26586.3513
25855.9,26471.092800000002
25855.9,26450.0327
25855.9,26519.3021
25855.9,26492.301900000002
25855.9,26521.8483
25855.9,26498.5366
25855.9,26494.5946
25855.9,26465.630300000008
25851.6,26431.412300000004
25851.6,26428.0941
25851.3,26393.3143
25851.3,26312.853499999997
25851.3,26278.25470000001
25851.3,26263.6511
25851.3,26300.909600000003
25851.3,26282.970800000003
25851.3,26347.603899999995
25851.3,26304.0212
25851.3,26266.346100000002
25847.0,26278.952499999996
25847.0,26295.9101
25847.0,26255.481799999998
25847.0,26227.902899999997
25847.0,26199.2072
25847.0,26207.6086
25847.0,26200.6286
25847.0,26196.0504
25847.0,26207.4194
25847.0,26178.093399999998
25847.0,26201.2437
25847.0,26147.3885
25847.0,26216.913900000003
25847.0,26162.2913
25847.0,26154.1988
25847.0,26176.163300000007
25847.0,26205.537399999997
25847.0,26182.334400000003
25847.0,26230.0353
25847.0,26214.7184
25847.0,26181.832700000003
25847.0,26195.4461
25847.0,26197.6156
25847.0,26190.9223
25847.0,26175.6334
25847.0,26215.886000000006
25847.0,26171.2929
25847.0,26200.23540000001
25847.0,26171.3554
25847.0,26169.3822
25847.0,26186.0058
25847.0,26207.9021
25847.0,26232.526599999994
25847.0,26152.5074
25847.0,26249.698299999996
25847.0,26199.5889
25847.0,26210.381300000005
25847.0,26215.33989999999
25847.0,26228.0529
25847.0,26214.931
25847.0,26214.138299999995
25847.0,26220.1716
25847.0,26187.0691
25847.0,26182.538000000004
25847.0,26185.242000000006
25847.0,26169.700399999998
25847.0,26156.5646
25847.0,26191.638199999998
25847.0,26186.7701
25847.0,26196.1665
25847.0,26195.514600000002
25847.0,26176.7406
25847.0,26192.682399999998
25847.0,26218.4567
25847.0,26190.992599999998
25847.0,26199.4775
25847.0,26213.767099999997
25847.0,26186.769900000003
25847.0,26196.456799999993
25847.0,26230.692699999996
25847.0,26175.7007
25847.0,26226.6864
25847.0,26184.0274
25847.0,26207.688000000002
25847.0,26172.6725
25847.0,26180.219299999993
25847.0,26166.049999999996
25847.0,26174.059499999996
25847.0,26196.031299999995
25847.0,26206.263499999997
25847.0,26219.9069
25847.0,26223.3466
25847.0,26204.8259
25847.0,26170.8401
25847.0,26174.813499999997
25847.0,26210.666
25847.0,26211.2987
25847.0,26236.4424
25847.0,26252.965799999998
25847.0,26219.043999999994
25847.0,26205.623199999998
25847.0,26214.597499999996
25847.0,26196.937400000003
25847.0,26256.565499999997
25847.0,26239.097100000003
25847.0,26243.009000000002
25847.0,26233.409499999998
25847.0,26265.419499999996
25847.0,26221.926999999996
25847.0,26310.6585
25847.0,26276.119800000004
25847.0,26287.481499999994
25847.0,26268.8356
25847.0,26284.0369
25847.0,26246.6119
25847.0,26285.6191
25847.0,26216.7631
25847.0,26198.073300000007
25847.0,26174.15
25847.0,26162.630800000006
25847.0,26207.6227
25847.0,26170.722900000004
25847.0,26227.192699999996
25847.0,26205.058899999996
25847.0,26165.779300000002
25847.0,26179.4006
25847.0,26200.277299999998
25847.0,26181.8068
25847.0,26178.919599999997
25847.0,26171.8026
25847.0,26192.1031
25847.0,26163.9921
25847.0,26187.911799999998
25847.0,26196.195699999997
25847.0,26141.333
25847.0,26197.719099999995
25847.0,26168.0265
25847.0,26222.610600000004
25847.0,26162.1394
25847.0,26172.3009
25847.0,26219.2457
25847.0,26177.0495
25847.0,26200.565900000005
25847.0,26169.298600000002
25847.0,26205.1835
25847.0,26192.010700000003
25847.0,26192.895799999995
25847.15,26158.75149999999
25847.0,26134.563199999997
25847.0,26174.490999999998
25847.0,26181.139300000003
25847.0,26171.252899999996
25847.0,26197.107500000006
25847.0,26153.915900000004
25847.0,26208.416599999997
25847.0,26207.5155
25847.0,26149.047099999996
25847.0,26166.784999999996
25847.15,26194.2459
25847.15,26144.3034
25847.15,26121.285500000005
25847.15,26185.749500000005
25847.15,26219.070800000005
25847.15,26183.412900000003
25847.15,26182.328299999997
25847.15,26134.2148
25847.15,26140.7616
25847.15,26200.5807
25847.15,26180.178400000004
25847.15,26183.095299999997
25847.0,26150.8307
25847.0,26159.586099999997
25847.0,26196.715499999995
25847.0,26220.066000000003
25847.0,26168.068999999996
25847.0,26191.956800000004
25847.0,26217.684499999996
25847.0,26159.9265
25847.0,26169.3272
25847.0,26203.5646
25847.0,26165.970299999997
25847.0,26169.0281
25847.0,26165.096700000002
25847.0,26197.540799999995
25847.0,26149.8088
25847.0,26160.307199999996
25847.0,26181.1102
25847.0,26196.589100000005
25847.0,26171.5084
25847.0,26180.1595
25847.0,26157.067
25847.0,26150.025999999998
25847.0,26166.9965
25847.0,26156.0032
25847.0,26178.861399999998
25847.0,26146.379800000002
25847.0,26183.3619
25847.0,26155.266399999997
25847.0,26157.352299999995
25847.0,26203.7741
25847.0,26194.948699999997
25847.0,26208.543200000004
25847.0,26218.5462
25847.0,26145.619899999998
25847.0,26184.8763
25847.0,26198.6483
25847.0,26151.231499999998
25847.0,26199.692200000005
25847.0,26184.334
25847.0,26193.467
25847.0,26202.608799999998
25847.0,26145.8724
25847.0,26202.237799999995
25847.0,26219.994500000008
25847.0,26161.254699999998
25847.0,26191.862599999997
25847.0,26150.1189
25847.0,26178.602999999996
25847.0,26180.8842
25847.0,26160.2377
25847.0,26205.1855
25847.0,26175.6978
25847.0,26164.508199999997
25847.0,26221.2165
25847.0,26193.268100000005
25847.0,26181.804299999996
25847.0,26165.1141
25847.0,26186.649699999998
25847.0,26193.61860000001
25847.0,26200.6329
25847.0,26155.7413
25847.0,26177.271200000003
25847.0,26236.9352
25847.0,26167.6771
25847.0,26203.2313
25847.0,26233.0701
25847.0,26187.499299999992
25847.0,26169.942100000004
25847.0,26208.4317
25847.0,26225.393900000003
25847.0,26212.7475
25847.0,26215.928900000006
25847.0,26199.113100000002
25847.0,26177.872799999997
25847.0,26204.8886
25847.0,26191.440899999998
25847.0,26182.588799999998
25847.0,26191.036799999998
25847.0,26214.31
25847.0,26253.444199999998
25847.0,26200.009400000003
25847.0,26162.7306
25847.0,26177.653000000002
25847.0,26196.995700000007
25847.0,26176.420700000006
25847.0,26223.8787
25847.0,26149.2332
25847.0,26204.7929
25847.0,26177.1934
25847.0,26189.699199999995
25847.0,26181.457000000002
25847.0,26259.309
25847.0,26251.9257
25847.0,26258.86329999999
25847.0,26277.513700000003
25847.0,26219.428399999997
25847.0,26157.735199999996
25847.0,26146.6981
25847.0,26170.2541
25847.0,26147.178000000004
25847.0,26158.82960000001
25847.0,26162.285800000005
25847.0,26173.2084
25847.0,26175.5723
25847.0,26146.852599999995
25847.0,26151.268900000003
25847.0,26151.792700000005
25847.0,26171.3621
25847.0,26178.7652
25847.0,26171.7777
25847.0,26181.982599999996
25847.0,26141.622500000005
25847.0,26151.958999999995
25847.0,26165.1366
25847.0,26145.007099999995
25847.0,26155.0178
25847.0,26143.819300000003
25847.0,26124.222499999996
25847.0,26152.401600000005
25847.0,26171.407799999997
25847.0,26166.4276
25847.0,26128.320200000002
25847.0,26165.9769
25847.0,26145.786199999995
25847.0,26149.233
25847.0,26161.2076
25847.0,26156.736100000002
25847.0,26127.7847
25847.0,26184.740400000002
25847.0,26187.032599999995
25847.0,26175.959
25847.0,26137.5164
25847.0,26138.3506
25847.0,26173.503999999997
25847.0,26179.749
25847.0,26178.7812
25847.0,26159.88360000001
25847.0,26180.0303
25847.0,26140.9456
25847.0,26140.936999999994
25847.0,26201.1535
25847.0,26142.2582
25847.0,26143.382299999997
25847.0,26148.0654
25847.0,26131.9373
25847.0,26125.838600000003
25847.0,26154.1136
25847.0,26183.9342
25847.0,26158.441300000002
25847.0,26189.3188
25847.0,26162.5281
25847.0,26181.350300000006
25847.0,26157.9572
25847.0,26177.635899999997
25847.0,26153.793400000002
25847.0,26172.891799999998
25847.0,26163.399100000002
25847.0,26170.253100000005
25847.0,26180.035299999996
25847.0,26217.841800000006
25847.0,26146.805400000005
25847.0,26210.142399999993
25847.0,26168.167900000008
25847.0,26171.1278
25847.0,26173.8387
25847.0,26166.813000000002
25847.0,26176.793599999997
25847.0,26156.885500000004
25847.0,26218.293199999996
25847.0,26201.7899
25847.0,26172.216
25847.0,26150.852900000005
25847.0,26158.3884
25847.0,26164.3325
25847.0,26187.301100000004
25847.0,26195.072199999995
25847.0,26147.953499999996
25847.0,26157.7513
25847.0,26160.057800000002
25847.0,26151.450500000003
25847.0,26179.1124
25847.0,26187.7842
25847.0,26166.265900000006
25847.0,26164.4069
25847.0,26142.9005
25847.0,26137.289999999997
25847.0,26164.760100000003
25847.0,26162.414899999996
25847.0,26139.9591
25847.0,26166.942199999998
25847.0,26166.6191
25847.0,26150.9381
25847.0,26131.2958
25847.0,26184.5217
25847.0,26187.1346
25847.0,26158.06100000001
25847.0,26161.082799999996
25847.0,26128.142399999997
25847.0,26172.2365
25847.0,26165.347
25847.0,26189.460699999996
25847.0,26140.961999999996
25847.0,26137.7866
25847.0,26200.704900000004
25847.0,26192.935300000005
25847.0,26135.250600000007
25847.0,26144.4156
25847.0,26128.263899999998
25847.0,26135.045299999998
25847.0,26170.6707
25847.0,26161.1342
25847.0,26150.7931
25847.0,26137.2943
25847.0,26135.8658
25847.0,26146.1865
25847.0,26159.767499999994
25847.0,26135.3407
25847.0,26151.924899999998
25847.0,26149.597999999998
25847.0,26142.1312
25847.0,26174.134000000002
25847.0,26158.694600000003
25847.0,26204.2829
25847.0,26190.260000000002
25847.0,26216.249699999997
25847.0,26138.6902
25847.0,26168.0223
25847.0,26146.987500000003
25847.0,26161.571799999998
25847.0,26158.954600000005
25847.0,26202.225499999997
25847.0,26199.2232
25847.0,26138.3401
25847.0,26157.283199999998
25847.0,26163.415499999996
25847.0,26187.898900000004
25847.0,26169.8036
25847.0,26158.948600000003
25847.0,26194.483500000006
25847.0,26172.910199999995
25847.0,26133.2523
25847.0,26187.9435
25847.0,26180.077100000006
25847.0,26164.611999999997
25847.0,26191.8339
25847.0,26171.197099999998
25847.0,26176.356
25847.0,26160.7294
25847.0,26132.860900000003
25847.0,26165.178600000007
25847.0,26168.8047
25847.0,26180.4505
25847.0,26169.3961
25847.0,26147.238900000004
25847.0,26185.750099999997
25847.0,26174.3675
25847.0,26150.879600000007
25847.0,26147.051400000004
25847.0,26172.022699999998
25847.0,26173.9738
25847.0,26174.2805
25847.0,26161.3905
25847.0,26163.6165
25847.0,26171.3455
25847.0,26169.5535
25847.0,26169.928899999995
25847.0,26169.128600000004
25847.0,26123.935600000004
25847.0,26176.836600000002
25847.0,26159.539800000002
25847.0,26195.194800000005
25847.0,26127.561499999996
25847.0,26176.673300000002
25847.0,26150.581000000006
25847.0,26224.2984
25847.0,26189.006400000006
25847.0,26178.2434
25847.0,26138.8484
25847.0,26191.769800000002
25847.0,26178.661699999993
25847.0,26162.182800000002
25847.0,26153.478199999998
25847.0,26161.106999999996
25847.0,26161.500900000003
25847.0,26166.2793
25847.0,26170.6952
25847.0,26174.9466
25847.0,26184.7056
25847.0,26143.6074
25847.0,26175.642700000004
25847.0,26157.9323
25847.0,26198.764
25847.0,26129.637700000007
25847.0,26166.8698
25847.0,26173.3192
25847.0,26172.700500000003
25847.0,26182.087600000003
25847.0,26180.8337
25847.0,26151.7854
25847.0,26160.1751
25847.0,26173.1961
25847.0,26143.579800000003
25847.0,26173.6421
25847.0,26143.586699999996
25847.0,26149.8648
25847.0,26183.9214
25847.0,26176.598599999998
25847.0,26132.6808
25847.0,26171.808
25847.0,26158.9324
25847.0,26157.6567
25847.0,26170.8707
25847.0,26129.140900000002
25847.0,26171.036300000003
25847.0,26138.7376
25847.0,26171.0878
25847.0,26158.3111
25847.0,26175.014900000002
25847.0,26165.651
25847.0,26156.815499999997
25847.0,26183.600300000002
25847.0,26183.601899999998
25847.0,26179.256200000007
25847.0,26143.1295
25847.0,26141.5093
25847.0,26147.692400000007
25847.0,26184.178800000005
25847.0,26236.251200000006
25847.0,26122.137499999997
25847.0,26164.2526
25847.0,26185.732900000003
25847.0,26163.674300000002
25847.0,26148.087399999997
25847.0,26164.692199999998
25847.0,26151.648999999998
25847.0,26160.889
25847.0,26174.8874
25847.0,26207.885100000003
25847.0,26147.651400000002
25847.0,26139.469699999998
25847.0,26113.4846
25847.0,26150.773500000003
25847.0,26189.578700000005
25847.0,26177.5008
25847.0,26181.650100000003
25847.0,26172.8588
25847.0,26140.518900000003
25847.0,26184.011599999998
25847.0,26194.0406
25847.0,26166.261000000002
25847.0,26156.474900000005
25847.0,26140.656800000004
25847.0,26139.610200000003
25847.0,26170.7955
25847.0,26170.635499999997
25847.0,26192.570799999998
25847.0,26178.1793
25847.0,26183.288800000002
25847.0,26206.678
25847.0,26160.0567
25847.0,26162.0651
25847.0,26152.170300000005
25847.0,26165.853000000003
25847.0,26151.407
25847.0,26175.449399999998
25847.0,26177.759100000003
25847.0,26187.472999999998
25847.0,26136.7477
25847.0,26156.7832
25847.0,26161.9693
25847.0,26147.1495
25847.0,26188.778499999997
25847.0,26127.285499999994
25847.0,26187.531000000006
25847.0,26147.5348
25847.0,26163.9647
25847.0,26169.4472
25847.0,26144.988400000002
25847.0,26150.105800000005
25847.0,26182.2286
25847.0,26165.410999999996
25847.0,26162.674900000005
25847.0,26138.1162
25847.0,26150.551800000005
25847.0,26197.422800000004
25847.0,26152.9071
25847.0,26166.173499999997
25847.0,26202.2231
25847.0,26190.134899999997
25847.0,26162.3533
25847.0,26161.6172
25847.0,26164.432200000003
25847.0,26163.711999999996
25847.0,26142.7899
25847.0,26158.406700000003
25847.0,26155.8298
25847.0,26206.7808
25847.0,26195.025
25847.0,26144.39
25847.0,26117.3111
25847.0,26173.331900000005
25847.0,26206.030399999996
25847.0,26179.858999999997
25847.0,26120.3425
25847.0,26158.348
25847.0,26184.394899999996
25847.0,26161.1474
25847.0,26205.7322
25847.0,26163.677900000002
25847.0,26149.580499999996
25847.0,26235.0728
25847.0,26171.5671
25847.0,26185.4706
25847.0,26165.1432
25847.0,26163.256199999996
25847.0,26148.4816
25847.0,26179.513400000003
25847.0,26153.508599999997
25847.0,26111.6961
25847.0,26184.8078
25847.0,26175.086000000003
25847.0,26150.973399999995
25847.0,26171.9651
25847.0,26172.346899999997
25847.0,26159.8583
25847.0,26150.1693
25847.0,26131.9259
25847.0,26183.544400000002
25847.0,26177.826000000005
25847.0,26171.594000000005
25847.0,26139.8266
25847.0,26175.455799999996
25847.0,26158.4181
25847.0,26178.6014
25847.0,26134.0835
25847.0,26185.03
25847.0,26180.815099999996
25847.0,26175.993699999995
25847.0,26163.249700000004
25847.0,26192.9911
25847.0,26166.598299999998
25847.0,26177.4098
25847.0,26139.149200000003
25847.0,26131.8592
25847.0,26221.623100000004
25847.0,26157.2486
25847.0,26169.852999999996
25847.0,26163.435900000004
25847.0,26158.255999999998
25847.0,26165.5918
25847.0,26173.1946
25847.0,26187.0443
25847.0,26124.89310000001
25847.0,26160.8968
25847.0,26177.410600000003
25847.0,26146.4684
25847.0,26156.5323
25847.0,26184.9646
25847.0,26148.1591
25847.0,26151.089699999997
25847.0,26188.258700000002
25847.0,26146.2963
25847.0,26162.083600000005
25847.0,26167.767700000004
25847.0,26195.664300000004
25847.0,26146.979700000004
25847.0,26148.111000000004
25847.0,26174.878000000004
25847.0,26182.866300000005
25847.0,26148.510799999996
25847.0,26177.2345
25847.0,26146.9058
25847.0,26129.666099999995
25847.0,26152.262
25847.0,26161.656300000002
25847.0,26147.228
25847.0,26218.991299999994
25847.0,26183.9625
25847.0,26190.0573
25847.0,26192.013
25847.0,26169.0003
25847.0,26188.523299999993
25847.0,26170.280999999995
25847.0,26146.9672
25847.0,26158.859399999998
25847.0,26179.155900000005
25847.0,26196.700800000002
25847.0,26161.3354
25847.0,26170.8146
25847.0,26161.064399999996
25847.0,26157.6059
25847.0,26178.0749
25847.0,26184.059699999994
25847.0,26172.767399999997
25847.0,26192.134400000003
25847.0,26180.8528
25847.0,26189.7258
25847.0,26205.337499999998
25847.0,26149.46549999999
25847.0,26159.250200000002
25847.0,26137.5187
25847.0,26137.053200000002
25847.0,26162.503
25847.0,26131.0452
25847.0,26179.903899999998
25847.0,26183.4385
25847.0,26207.1267
25847.0,26198.0101
25847.0,26138.543
25847.0,26209.356999999996
25847.0,26134.7722
25847.0,26175.914100000005
25847.0,26135.049600000002
25847.0,26199.925700000003
25847.0,26164.858
25847.0,26200.2945
25847.0,26145.156600000002
25847.0,26145.311400000002
25847.0,26160.4588
25847.0,26164.1742
25847.0,26160.1469
25847.0,26163.3149
25847.0,26152.1235
25847.0,26206.262899999998
25847.0,26155.0583
25847.0,26180.7823
25847.0,26139.176199999998
25847.0,26205.4133
25847.0,26166.1995
25847.0,26168.2861
25847.0,26154.9855
25847.0,26195.182500000003
25847.0,26182.2238
25847.0,26207.209500000004
25847.0,26174.3623
25847.0,26173.634600000005
25847.0,26167.012600000002
25847.0,26213.240800000003
25847.0,26178.5544
25847.0,26123.902000000002
25847.0,26161.381699999998
25847.0,26165.1534
25847.0,26151.0676
25847.0,26170.138
25847.0,26166.275200000004
25847.0,26153.5411
25847.0,26196.50680000001
25847.0,26160.7618
25847.0,26145.206400000003
25847.0,26184.492000000002
25847.0,26180.538800000002
25847.0,26180.006000000005
25847.0,26166.467800000002
25847.0,26162.112600000004
25847.0,26140.684199999996
25847.0,26182.233900000003
25847.0,26186.6619
25847.0,26141.8258
25847.0,26151.5942
25847.0,26162.3607
25847.0,26172.530600000002
25847.0,26180.9185
25847.0,26183.280099999996
25847.0,26167.5878
25847.0,26192.076200000003
25847.0,26196.9361
25847.0,26131.467500000006
25847.0,26177.181400000005
25847.0,26163.8756
25847.0,26180.933399999994
25847.0,26165.499600000003
25847.0,26145.235599999996
25847.0,26152.648200000003
25847.0,26183.7921
25847.0,26162.187899999997
25847.0,26113.3878
25847.0,26177.608799999998
25847.0,26168.3245
25847.0,26145.191899999998
25847.0,26205.988400000002
25847.0,26157.549400000004
25847.0,26146.517799999994
25847.0,26123.555800000002
25847.0,26152.3827
25847.0,26169.4297
25847.0,26152.5919
25847.0,26193.448099999998
25847.0,26152.540299999993
25847.0,26169.1234
25847.0,26166.5302
25847.0,26132.9686
25847.0,26155.662900000003
25847.0,26149.1117
25847.0,26183.403599999998
25847.0,26127.999299999992
25847.0,26169.093800000002
25847.0,26175.195599999995
25847.0,26196.0094
25847.0,26207.5766
25847.0,26169.0076
25847.0,26147.3096
25847.0,26175.594100000002
25847.0,26182.843900000003
25847.0,26167.2665
25847.0,26182.172
25847.0,26196.941
25847.0,26166.271
25847.0,26154.65360000001
25847.0,26135.9986
25847.0,26169.2422
25847.0,26183.3596
25847.0,26177.2324
25847.0,26195.453899999997
25847.0,26204.2749
25847.0,26180.4644
25847.0,26104.026300000005
25847.0,26155.526600000005
25847.0,26195.413099999998
25847.0,26179.504000000008
25847.0,26141.041299999993
25847.0,26170.344399999994
25847.0,26172.121799999997
25847.0,26187.3608
25847.0,26165.4222
25847.0,26168.4277
25847.0,26161.370399999993
25847.0,26189.202599999997
25847.0,26168.0632
25847.0,26175.023699999998
25847.0,26160.3226
25847.0,26205.975599999998
25847.0,26186.792599999993
25847.0,26182.918899999997
25847.0,26159.246300000003
25847.0,26146.5282
25847.0,26185.729899999995
25847.0,26153.795699999995
25847.0,26145.879999999997
25847.0,26192.180799999995
25847.0,26170.7792
25847.0,26150.5801
25847.0,26164.328400000002
25847.0,26177.598199999997
25847.0,26155.772
25847.0,26175.9535
25847.0,26207.847
25847.0,26166.56130000001
25847.0,26175.377199999995
25847.0,26206.6599
25847.0,26199.797700000003
25847.0,26206.0479
25847.0,26146.402800000003
25847.0,26195.193999999996
25847.0,26165.916599999997
25847.0,26190.47920000001
25847.0,26170.462099999997
25847.0,26222.5621
25847.0,26188.059100000002
25847.0,26179.703699999995
25847.0,26187.237899999996
25847.0,26137.186599999997
25847.0,26164.515600000002
25847.0,26223.788300000004
25847.0,26192.851499999997
25847.0,26159.5049
25847.0,26174.388899999994
25847.0,26146.788
25847.0,26204.469900000004
25847.0,26165.5978
25847.0,26190.096999999998
25847.0,26160.311599999994
25847.0,26131.0063
25847.0,26229.492100000003
25847.0,26177.087199999998
25847.0,26145.375500000002
25847.0,26172.1668
25847.0,26173.232699999993
25847.0,26188.1691
25847.0,26132.7603
25847.0,26161.5284
25847.0,26162.5682
25847.0,26183.126300000007
25847.0,26178.7554
25847.0,26202.025399999995
25847.0,26178.7385
25847.0,26175.389199999998
25847.0,26141.384
25847.0,26202.3442
25847.0,26135.5777
25847.0,26196.373499999998
25847.0,26133.2037
25847.0,26160.336799999997
25847.0,26160.9507
25847.0,26156.6975
25847.0,26183.3995
25847.0,26178.578400000006
25847.0,26136.557699999998
25847.0,26190.671400000003
25847.0,26168.054699999997
25847.0,26156.192000000003
25847.0,26171.844900000004
25847.0,26191.2033
25847.0,26129.138399999996
25847.0,26180.2883
25847.0,26198.726300000002
25847.0,26187.736299999997
25847.0,26164.672
25847.0,26157.829999999998
25847.0,26168.347299999998
25847.0,26179.271200000003
25847.0,26167.746399999996
25847.0,26137.3542
25847.0,26166.6963
25847.0,26158.451399999998
25847.0,26148.336499999998
25847.0,26194.096100000006
25847.0,26157.679200000002
25847.0,26185.207799999996
25847.0,26196.399000000005
25847.0,26148.653099999996
25847.0,26196.144200000002
25847.0,26153.334799999997
25847.0,26134.6655
25847.0,26186.700299999997
25847.0,26145.1202
25847.0,26134.4141
25847.0,26154.129500000003
25847.0,26167.432300000004
25847.0,26145.8767
25847.0,26177.7268
25847.0,26177.334199999998
25847.0,26183.1237
25847.0,26164.517799999998
25847.0,26165.232900000006
25847.0,26128.9921
25847.0,26166.093699999998
25847.0,26177.268700000008
25847.0,26165.7675
25847.0,26177.161499999995
25847.0,26214.8384
25847.0,26162.4409
25847.0,26161.021800000002
25847.0,26178.8902
25847.0,26225.463799999998
25847.0,26199.8856
25847.0,26151.138899999998
25847.0,26145.982100000005
25847.0,26159.925000000003
25847.0,26202.221599999997
25847.0,26159.807699999998
25847.0,26155.129900000004
25847.0,26178.496200000005
25847.0,26165.1374
25847.0,26145.931200000003
