BestFitnessMean,AverageFitnessMean
52612.0,87834.367
47071.8,78331.46389999999
43708.2,70816.5987
39884.3,64511.3966
38284.1,59386.096999999994
35238.85,54915.854299999985
34363.3,50971.98299999999
33178.85,48014.9659
32089.15,45977.4469
31207.6,44517.90549999999
30441.35,43073.43800000001
29690.45,41820.6565
28977.05,40511.456399999995
28542.75,39303.1121
28235.05,38393.5844
27971.6,37332.291
27553.65,36390.0659
27270.25,35399.39779999999
27111.55,34600.7938
26933.9,33755.9119
26832.2,33386.303100000005
26685.9,32818.13990000001
26564.1,32329.979499999998
26512.5,31854.042100000002
26401.95,31404.160599999996
26321.75,30935.2782
26286.4,30707.879600000004
26242.8,30361.1495
26207.8,30063.412600000003
26156.4,29692.670999999995
26137.6,29265.171700000006
26118.4,28918.100599999998
26098.05,28699.320000000007
26083.4,28512.348099999996
26058.15,28202.899100000002
26051.6,27868.517600000003
26047.45,27814.743000000006
26047.45,27533.21239999999
26039.5,27470.540100000002
26025.35,27403.327300000004
26013.45,27323.3368
26004.7,27298.532700000003
26000.4,27191.556300000004
25990.95,27073.2192
25990.95,26880.780300000006
25990.95,26867.9289
25973.7,26936.543999999994
25955.65,26831.191499999997
25955.65,26610.877799999995
25955.65,26571.364199999993
25955.65,26524.0357
25941.9,26566.441699999996
25941.9,26437.981000000007
25941.9,26488.572999999997
25929.65,26504.916600000004
25929.5,26373.95949999999
25928.85,26278.9923
25928.85,26236.119
25928.85,26173.139900000002
25928.85,26181.093500000003
25928.85,26248.317299999995
25928.85,26246.8386
25928.85,26241.458500000008
25928.85,26179.917
25928.85,26157.081099999992
25928.85,26107.591500000002
25928.85,26080.9533
25928.85,26041.6285
25928.85,26007.570499999998
25928.85,26016.575699999998
25928.85,25996.047700000003
25928.85,26001.752700000005
25928.85,25992.6885
25928.85,26012.2059
25928.85,26001.535899999995
25928.85,26015.890499999998
25928.85,26028.546299999995
25928.85,26009.802400000004
25928.85,26012.006900000004
25928.85,26008.186000000005
25928.85,26002.737000000005
25928.85,25984.712600000003
25927.45,25995.650800000003
25927.45,25992.666400000006
25927.45,25993.629699999998
25927.45,26009.3695
25927.45,26025.1511
25927.45,26010.3183
25927.45,25982.3111
25922.3,25993.069500000005
25922.3,25968.726800000004
25922.15,26013.383200000004
25922.15,25993.0099
25922.15,25986.076500000003
25922.15,25989.2569
25922.15,25985.5569
25922.15,25978.648199999996
25922.15,25971.196799999998
25922.15,25994.085900000002
25922.15,25979.8543
25903.3,25981.5035
25903.3,25988.4267
25903.3,26016.579099999995
25903.3,26037.1672
25903.3,26064.787200000002
25899.0,26128.848699999995
25899.0,26048.0364
25899.0,25999.171400000003
25899.0,25988.240799999996
25899.0,26018.875999999997
25899.0,26021.8175
25899.0,26059.5965
25899.0,26086.8983
25899.0,26049.208900000005
25899.0,25982.2338
25898.95,25965.1106
25898.95,25973.1506
25898.95,25957.2634
25898.95,25959.312299999998
25898.95,25970.282099999997
25898.95,25954.2577
25898.95,25963.9938
25898.95,25981.944200000005
25898.95,25970.814599999998
25898.95,25971.541399999995
25898.95,25975.652
25898.95,25965.854
25898.95,25959.1237
25898.95,25953.684800000003
25894.65,25965.830500000004
25894.65,25964.649499999996
25894.65,25968.1744
25894.65,25980.5553
25882.4,25969.076900000004
25882.4,25998.190199999997
25882.4,25963.3731
25882.4,25957.483800000005
25882.4,25953.6801
25882.4,25946.748900000006
25882.4,25955.8801
25882.4,25952.1285
25882.4,25951.316700000003
25882.4,25938.6183
25882.4,25933.364599999997
25882.4,25951.612199999996
25882.4,25940.032199999994
25882.4,25934.3277
25882.4,25939.563700000002
25882.4,25952.082100000003
25882.4,25947.6141
25882.4,25947.314499999997
25882.4,25930.607200000002
25882.4,25943.514000000003
25882.4,25940.738600000004
25882.4,25932.789399999998
25882.4,25954.572
25882.4,25950.056599999996
25882.4,25934.961600000002
25882.4,25941.4176
25882.4,25951.805299999996
25882.4,25948.350899999998
25882.4,25936.5252
25870.5,25949.3219
25870.5,25960.389000000003
25870.5,25926.674099999997
25870.5,25939.537
25870.5,25943.1696
25870.5,25951.018300000003
25870.5,25985.774400000002
25866.2,25987.9168
25866.2,26011.0777
25866.2,25948.700000000004
25866.2,25958.403199999993
25866.2,25978.5813
25866.2,25979.248300000003
25866.2,25958.8624
25866.2,25990.9104
25866.2,25980.478599999995
25866.2,25984.4247
25866.2,26000.656100000007
25866.2,25971.0876
25866.2,25991.4885
25866.2,25968.493500000004
25866.2,25982.521500000003
25866.2,25949.168899999997
25866.2,25950.7755
25866.2,25944.088300000003
25866.2,25919.6418
25866.2,25931.3798
25866.2,25928.5887
25866.2,25933.6272
25866.2,25920.994599999998
25866.2,25931.935
25866.2,25935.803999999996
25866.2,25917.742799999993
25866.2,25935.227600000006
25866.2,25940.5644
25866.2,25926.4433
25866.2,25934.6971
25866.2,25933.8819
25866.2,25943.069300000003
25866.2,25924.345499999996
25866.2,25927.289299999997
25866.2,25925.660499999994
25866.2,25946.936700000002
25866.2,25927.970299999997
25866.2,25923.4199
25866.2,25935.718800000002
25866.2,25923.0226
25866.2,25934.314
25866.2,25927.669699999995
25866.2,25924.926600000003
25866.2,25936.1122
25866.2,25918.959900000005
25866.2,25917.6647
25866.2,25921.5502
25866.2,25936.775
25866.2,25920.230999999996
25866.2,25932.2677
25866.2,25941.598199999997
25866.2,25920.0397
25866.2,25914.323599999996
25866.2,25927.0032
25866.2,25955.355
25866.2,25924.5355
25866.2,25943.6368
25866.2,25933.5951
25866.2,25930.404299999995
25866.2,25915.535000000003
25866.2,25936.470800000003
25866.2,25944.3623
25866.2,25935.026299999998
25866.2,25928.829700000002
25866.2,25931.930700000004
25866.2,25939.5481
25866.2,25926.9067
25866.2,25929.995100000004
25866.2,25935.5348
25866.2,25919.841200000003
25866.2,25931.1776
25866.2,25928.361599999997
25866.2,25933.015699999996
25866.2,25930.5783
25866.2,25948.529399999996
25866.2,25943.719
25866.2,25923.497499999998
25866.2,25946.245700000003
25866.2,25930.105500000005
25866.2,25928.1712
25866.2,25930.4531
25866.2,25932.686999999998
25866.2,25913.5541
25866.2,25925.4715
25866.05,25926.700199999996
25866.05,25938.4924
25866.05,25927.218
25866.05,25933.735099999998
25866.05,25941.6536
25866.05,25914.533499999998
25866.05,25949.973199999997
25866.05,25936.138199999994
25853.8,25928.231499999994
25853.8,25934.856499999994
25853.8,25922.7443
25853.8,25920.186600000005
25853.8,25926.4883
25853.8,25915.2696
25853.8,25915.134500000004
25853.8,25934.2685
25853.8,25920.7385
25853.8,25936.0655
25853.8,25922.290999999997
25853.8,25916.618300000002
25853.8,25912.982599999996
25853.8,25916.948199999995
25853.8,25917.7448
25853.8,25925.378
25853.8,25909.714299999996
25853.8,25915.743499999997
25853.8,25922.752399999998
25853.8,25920.0894
25853.8,25916.756999999998
25853.8,25917.1319
25853.8,25921.434800000003
25853.8,25917.6188
25853.8,25959.288399999998
25853.8,25916.0136
25853.8,25901.893200000002
25853.8,25914.764
25853.8,25909.357399999997
25853.8,25916.7255
25853.8,25914.7157
25853.8,25905.6369
25853.8,25909.8862
25853.8,25913.628699999997
25853.8,25909.1839
25853.8,25905.503300000004
25853.8,25901.737999999998
25853.8,25889.2896
25853.8,25919.221999999994
25853.8,25927.0299
25853.8,25932.1393
25853.8,25924.954599999997
25853.8,25926.172199999997
25853.8,25918.656800000004
25853.8,25921.8614
25853.8,25918.819000000003
25853.8,25925.907699999996
25853.8,25900.254299999997
25853.8,25904.116700000006
25853.8,25935.278700000003
25853.8,25909.577400000002
25853.8,25921.900199999996
25853.8,25934.091500000002
25853.8,25920.536499999995
25853.8,25935.2519
25853.8,25923.7077
25853.8,25918.3399
25853.8,25925.8744
25853.8,25908.763499999997
25853.8,25910.889600000002
25853.8,25907.526400000002
25853.8,25927.3751
25853.8,25930.524499999992
25853.8,25908.195700000004
25853.8,25928.270599999996
25853.8,25909.211800000005
25853.8,25917.1786
25853.8,25932.721299999997
25853.8,25915.5647
25853.8,25908.249499999998
25853.8,25940.361999999997
25853.8,25912.885699999995
25853.8,25920.798400000003
25853.8,25913.1685
25853.8,25897.007899999997
25853.8,25900.667200000004
25853.8,25918.922599999998
25853.8,25930.962700000004
25853.8,25909.7479
25853.8,25921.713300000007
25853.8,25915.4843
25853.8,25916.2914
25853.8,25918.3539
25853.8,25903.730000000003
25853.8,25919.790899999996
25853.8,25920.793499999996
25853.8,25943.199900000003
25853.8,25907.6903
25853.8,25921.5449
25853.8,25913.086199999998
25853.8,25926.9549
25853.8,25913.418299999998
25853.8,25924.087600000006
25853.8,25909.528599999998
25853.8,25926.009400000003
25853.8,25915.703999999998
25853.8,25933.669400000006
25849.5,25921.0611
25849.5,25920.865100000003
25849.5,25914.9487
25849.5,25915.5288
25849.5,25920.053200000002
25849.5,25920.3994
25849.5,25909.7022
25849.5,25916.946399999993
25849.5,25898.533
25849.5,25923.6628
25849.5,25899.0063
25849.5,25921.420199999997
25849.5,25921.096400000002
25849.5,25913.851700000003
25849.5,25915.450200000003
25849.5,25904.252800000002
25849.5,25902.042999999998
25849.5,25910.819200000005
25849.5,25918.906000000003
25849.5,25912.1761
25849.5,25905.541800000003
25849.5,25921.1536
25849.5,25914.626299999996
25849.5,25906.194500000005
25849.5,25930.125500000002
25849.5,25909.894299999993
25849.5,25908.138700000003
25849.5,25915.1559
25849.5,25904.2002
25849.5,25919.822199999995
25849.5,25914.1956
25849.5,25921.1357
25849.5,25932.3534
25849.5,25917.7936
25849.5,25902.6218
25849.5,25927.9121
25849.5,25928.050000000003
25849.5,25916.662300000004
25849.5,25909.3631
25849.5,25916.148699999998
25849.5,25905.7338
25849.5,25912.313799999996
25849.5,25916.960799999997
25849.5,25910.2929
25849.5,25928.4755
25849.5,25910.716099999998
25849.5,25919.439099999996
25849.5,25912.877400000005
25849.5,25916.2014
25849.5,25916.1147
25849.5,25917.1766
25849.5,25922.0369
25849.5,25897.0112
25849.5,25918.383700000002
25849.5,25908.1488
25849.5,25924.965999999997
25849.5,25912.3039
25849.5,25924.3654
25849.5,25905.765000000003
25849.5,25915.408199999998
25849.5,25918.726700000003
25849.5,25906.8961
25849.5,25920.763499999997
25849.5,25921.530900000005
25849.5,25911.4891
25849.5,25920.466099999998
25849.5,25915.609000000004
25849.5,25896.7607
25849.5,25930.3439
25849.5,25913.8185
25849.5,25913.17
25849.5,25917.251900000003
25849.5,25909.5709
25849.5,25909.6901
25849.5,25901.134400000003
25849.5,25913.1237
25849.5,25915.1172
25849.5,25904.382900000004
25849.5,25920.4016
25849.5,25902.331800000004
25849.5,25907.51019999999
25849.5,25921.4174
25849.5,25912.505599999997
25849.5,25920.561299999994
25849.5,25911.7136
25849.5,25902.892499999994
25849.5,25916.878300000004
25849.5,25912.0512
25849.5,25897.0451
25849.5,25925.691000000003
25849.5,25929.539299999997
25849.5,25933.5849
25849.5,25899.968999999997
25849.5,25915.8727
25849.5,25914.692700000003
25849.5,25908.252
25849.5,25923.250599999996
25849.5,25921.323
25849.5,25926.879600000004
25849.5,25934.280099999993
25849.5,25905.490500000004
25849.5,25907.821699999993
25849.5,25906.047899999998
25849.5,25915.0576
25849.5,25905.216399999998
25849.5,25915.796599999998
25849.5,25900.764800000004
25849.5,25923.0296
25849.5,25915.034600000003
25849.5,25923.1903
25849.5,25914.6076
25849.5,25920.4566
25849.5,25903.0388
25849.5,25919.1841
25849.5,25905.4166
25849.5,25910.039299999997
25849.5,25916.6617
25849.5,25913.868300000002
25849.5,25917.021400000005
25849.5,25915.561800000003
25849.5,25916.306500000002
25849.5,25908.406700000003
25849.5,25919.8759
25849.5,25917.3139
25849.5,25888.8552
25849.5,25912.6731
25849.5,25925.506999999998
25849.5,25925.943300000003
25849.5,25920.4865
25849.5,25940.274299999997
25849.5,25903.6943
25849.5,25925.795600000005
25849.5,25916.320799999994
25849.5,25924.804299999996
25849.5,25906.6356
25849.5,25912.6926
25849.5,25912.997200000005
25849.5,25894.3011
25849.5,25921.491199999997
25849.5,25930.6505
25849.5,25907.955300000005
25849.5,25905.8128
25849.5,25904.2009
25849.5,25920.1473
25849.5,25921.5938
25849.5,25899.955500000004
25849.5,25907.754200000007
25849.5,25907.3825
25849.5,25917.711900000002
25849.5,25934.9465
25849.5,25900.791000000005
25849.5,25895.4604
25849.5,25919.9404
25849.5,25901.3623
25849.5,25904.609699999997
25849.5,25921.8148
25849.5,25912.384299999998
25849.5,25915.786700000004
25849.5,25898.699799999995
25849.5,25933.606499999998
25849.5,25922.622000000003
25849.5,25914.483699999993
25849.5,25917.7292
25849.5,25916.4796
25849.5,25911.328499999996
25849.5,25921.154300000002
25849.5,25924.950900000003
25849.5,25921.145399999998
25849.5,25890.791199999996
25849.5,25903.8693
25849.5,25926.6767
25849.5,25908.0948
25849.5,25927.7926
25849.5,25915.005100000002
25849.5,25899.541599999997
25849.5,25919.088699999997
25849.5,25912.523000000005
25849.5,25919.1315
25849.5,25926.6945
25849.5,25934.860000000004
25849.5,25910.165499999996
25849.5,25903.4094
25849.5,25915.349700000006
25849.5,25923.628299999997
25849.5,25919.030300000006
25849.5,25916.586
25849.5,25925.158099999997
25849.5,25923.9594
25849.5,25929.847599999997
25849.5,25894.732699999997
25849.5,25923.7633
25849.5,25919.9971
25849.5,25927.594100000002
25849.5,25916.341800000002
25849.5,25926.1449
25849.5,25914.5198
25849.5,25894.2573
25849.5,25909.040800000006
25849.5,25915.2481
25849.5,25903.135000000002
25849.5,25926.905600000006
25849.5,25908.5674
25849.5,25912.675499999994
25849.5,25915.068099999997
25849.5,25907.504299999993
25849.5,25908.353500000005
25849.5,25919.093500000003
25849.5,25895.2995
25849.5,25931.0194
25849.5,25918.500200000002
25849.5,25902.534499999998
25849.5,25924.450300000004
25849.5,25916.582099999996
25849.5,25901.500900000006
25849.5,25908.1316
25849.5,25921.8448
25849.5,25913.337099999997
25849.5,25906.783100000004
25849.5,25916.2345
25849.5,25898.1742
25849.5,25902.128999999994
25849.5,25925.9251
25849.5,25914.808500000003
25849.5,25916.966899999996
25849.5,25912.302300000003
25849.5,25918.7747
25849.5,25918.5372
25849.5,25906.843
25849.5,25906.892
25849.5,25913.937400000003
25849.5,25903.5593
25849.5,25920.4642
25849.5,25910.9818
25849.5,25921.8141
25849.5,25908.756100000002
25849.5,25908.209
25849.5,25941.585799999997
25849.5,25921.9474
25849.5,25911.2519
25849.5,25889.354799999994
25849.5,25900.2676
25849.5,25914.838899999995
25849.5,25907.678399999997
25849.5,25921.485699999997
25849.5,25899.2237
25849.5,25915.5051
25849.5,25921.2823
25849.5,25910.204400000006
25849.5,25909.131499999996
25849.5,25915.703999999998
25849.5,25924.9163
25849.5,25913.408499999998
25849.5,25900.6067
25849.5,25911.379900000004
25849.5,25915.6116
25849.5,25924.025199999996
25849.5,25922.951800000003
25849.5,25899.452400000002
25849.5,25914.9878
25849.5,25921.771800000002
25849.5,25911.697500000002
25849.5,25910.714199999995
25849.5,25911.7763
25849.5,25897.157400000004
25849.5,25904.883899999997
25849.5,25926.282
25849.5,25913.885900000005
25849.5,25933.0986
25849.5,25906.4342
25849.5,25909.662300000004
25849.5,25896.4046
25849.5,25915.328400000002
25849.5,25911.829
25849.5,25912.561400000002
25849.5,25912.626500000002
25849.5,25913.5939
25849.5,25897.964199999995
25849.5,25904.0692
25849.5,25904.992299999998
25849.5,25905.761499999997
25849.5,25914.801000000003
25849.5,25904.4056
25849.5,25935.876
25849.5,25921.814
25849.5,25922.4568
25849.5,25919.339500000002
25849.5,25913.928399999997
25849.5,25935.0343
25849.5,25912.857099999997
25849.5,25921.3868
25849.5,25915.874099999997
25849.5,25910.558399999998
25849.5,25908.011400000007
25849.5,25919.518600000003
25849.5,25936.034200000002
25849.5,25914.736200000003
25849.5,25910.302000000003
25849.5,25911.6674
25849.5,25894.947999999997
25849.5,25905.368299999995
25849.5,25902.391800000005
25849.5,25921.1098
25849.5,25906.254000000008
25849.5,25918.978300000002
25849.5,25905.2079
25849.5,25910.0006
25849.5,25901.635400000003
25849.5,25912.717299999997
25849.5,25912.1379
25849.5,25941.1305
25849.5,25927.392499999994
25849.5,25910.691000000003
25849.5,25907.787800000002
25849.5,25917.395199999995
25849.5,25919.5054
25849.5,25902.683
25849.5,25914.1066
25849.5,25907.426100000004
25849.5,25927.7554
25849.5,25905.365999999998
25849.5,25901.989100000003
25849.5,25911.812899999997
25849.5,25923.123799999998
25849.5,25917.042699999998
25849.5,25924.135799999996
25849.5,25911.6646
25849.5,25892.477099999996
25849.5,25922.0204
25849.5,25941.1901
25849.5,25907.836300000003
25849.5,25909.464300000003
25849.5,25918.983999999997
25849.5,25910.7859
25849.5,25913.5757
25849.5,25907.815899999998
25849.5,25915.2037
25849.5,25915.105499999998
25849.5,25919.619799999997
25849.5,25906.8789
25849.5,25912.629199999992
25849.5,25919.154599999994
25849.5,25906.1512
25849.5,25912.0372
25849.5,25905.0489
25849.5,25925.927399999993
25849.5,25908.0408
25849.5,25917.914800000002
25849.5,25913.1889
25849.5,25921.993
25849.5,25909.739
25849.5,25916.174000000003
25849.5,25916.2496
25849.5,25909.051499999998
25849.5,25921.430699999997
25849.5,25906.565500000004
25849.5,25909.3926
25849.5,25910.667299999994
25849.5,25909.325
25849.5,25908.561200000004
25849.5,25911.882
25849.5,25923.7228
25849.5,25920.465900000003
25849.5,25909.0045
25849.5,25903.347299999998
25849.5,25908.0884
25849.5,25926.087300000003
25849.5,25918.017100000005
25849.5,25909.957399999996
25849.5,25915.891699999996
25849.5,25903.592599999996
25849.5,25913.9801
25849.5,25921.652000000002
25849.5,25904.694
25849.5,25928.647999999997
25849.5,25921.828899999997
25849.5,25919.215600000003
25849.5,25904.803599999996
25849.5,25905.9026
25849.5,25915.4774
25849.5,25906.5787
25849.5,25915.5153
25849.5,25891.8221
25849.5,25910.940800000004
25849.5,25914.970500000003
25849.5,25923.6974
25849.5,25913.989299999997
25849.5,25915.4636
25849.5,25921.3816
25849.5,25911.6678
25849.5,25906.0992
25849.5,25909.455299999998
25849.5,25925.376299999996
25849.5,25913.2204
25849.5,25917.712700000004
25849.5,25907.988100000002
25849.5,25913.4994
25849.5,25902.022500000003
25849.5,25912.874900000003
25849.5,25911.7925
25849.5,25926.740499999996
25849.5,25932.7464
25849.5,25913.6079
25849.5,25912.946799999998
25849.5,25910.171700000003
25849.5,25916.461700000007
25849.5,25916.854299999995
25849.5,25914.458000000002
25849.5,25926.8565
25849.5,25919.126600000003
25849.5,25917.0181
25849.5,25909.788900000003
25849.5,25907.982799999998
25849.5,25905.8531
25849.5,25911.773900000007
25849.5,25908.6625
25849.5,25905.922499999997
25849.5,25920.000799999998
25849.5,25925.997299999995
25849.5,25910.2581
25849.5,25913.7097
25849.5,25934.779199999997
25849.5,25899.096700000002
25849.5,25912.988099999995
25849.5,25915.722700000002
25849.5,25911.673799999997
25849.5,25917.5893
25849.5,25897.1229
25849.5,25899.284
25849.5,25931.660300000007
25849.5,25926.0581
25849.5,25905.757800000003
25849.5,25901.912500000002
25849.5,25917.7244
25849.5,25903.7792
25849.5,25907.696300000003
25849.5,25913.7011
25849.5,25921.7142
25849.5,25902.820200000006
25849.5,25907.5897
25849.5,25896.024400000002
25849.5,25914.6527
25849.5,25902.548400000007
25849.5,25908.5782
25849.5,25918.098900000005
25849.5,25930.951800000003
25849.5,25927.3195
25849.5,25909.572700000004
25849.5,25906.868300000002
25849.5,25906.8118
25849.5,25912.611300000004
25849.5,25924.514499999994
25849.5,25915.4911
25849.5,25906.8353
25849.5,25914.102900000005
25849.5,25917.852299999995
25849.5,25905.025699999995
25849.5,25923.1172
25849.5,25917.747
25849.5,25923.4027
25849.5,25920.311899999997
25849.5,25927.1769
25849.5,25914.1246
25849.5,25922.4313
25849.5,25928.265
25849.5,25924.3856
25849.5,25909.163800000002
25849.5,25929.830199999993
25849.5,25913.8171
25849.5,25902.807999999997
25849.5,25912.5046
25849.5,25932.4246
25849.5,25921.9992
25849.5,25927.947899999996
25849.5,25920.272300000004
25849.5,25916.3437
25849.5,25933.873900000002
25849.5,25910.062299999998
25849.5,25913.133900000004
25849.5,25897.7314
25849.5,25916.133600000005
25849.5,25908.740400000002
25849.5,25902.3647
25849.5,25920.690899999998
25849.5,25912.18
25849.5,25937.455899999997
25849.5,25908.1731
25849.5,25924.518000000004
25849.5,25897.9458
25849.5,25916.735
25849.5,25907.4622
25849.5,25922.7019
25849.5,25915.393100000005
25849.5,25926.802299999996
25849.5,25916.277700000002
25849.5,25932.5022
25849.5,25911.9169
25849.5,25907.017099999994
25849.5,25908.857499999995
25849.5,25921.916900000004
25849.5,25920.3063
25849.5,25918.132300000005
25849.5,25905.7768
25849.5,25913.547099999992
25849.5,25918.892200000002
25849.5,25923.874600000003
25849.5,25927.8996
25849.5,25909.593800000002
25849.5,25907.161200000002
25849.5,25934.648599999997
25849.5,25907.292099999995
25849.5,25908.884
25849.5,25910.8977
25849.5,25907.670500000004
25849.5,25917.335700000003
25849.5,25914.39519999999
25849.5,25921.5755
25849.5,25918.8509
25849.5,25907.5788
25849.5,25914.886300000002
25849.5,25897.394299999996
25849.5,25923.220800000003
25849.5,25911.1946
25849.5,25907.704
25849.5,25919.5592
25849.5,25910.484
25849.5,25923.208500000004
25849.5,25927.195700000004
25849.5,25917.5878
25849.5,25904.646600000007
25849.5,25922.6434
25849.5,25918.860399999998
25849.5,25903.4252
25849.5,25904.1429
25849.5,25905.417899999997
25849.5,25905.666699999998
25849.5,25909.715500000002
25849.5,25907.9738
25849.5,25913.314
25849.5,25907.411399999997
25849.5,25913.652500000004
25849.5,25916.4988
25849.5,25910.022500000003
25849.5,25910.286700000008
25849.5,25916.241299999998
25849.5,25919.2117
25849.5,25914.348600000005
25849.5,25913.083300000002
25849.5,25920.7462
25849.5,25922.817399999993
25849.5,25929.743900000005
25849.5,25902.9934
25849.5,25908.553200000002
25849.5,25922.9247
25849.5,25913.2659
25849.5,25929.4448
25849.5,25912.2714
25849.5,25916.033300000003
25849.5,25918.6666
25849.5,25919.393900000003
25849.5,25917.442300000002
25849.5,25902.8117
25849.5,25920.730099999997
25849.5,25913.379999999997
25849.5,25912.5298
25849.5,25929.682899999996
25849.5,25904.6964
25849.5,25924.8776
25849.5,25939.5128
25849.5,25899.524200000003
25849.5,25919.976500000004
25849.5,25920.378900000003
25849.5,25937.4849
25849.5,25919.030799999993
25849.5,25904.011
25849.5,25918.5525
25849.5,25908.7544
25849.5,25914.4882
25849.5,25911.7478
25849.5,25919.3767
25849.5,25918.687
25849.5,25904.0505
25849.5,25915.277599999998
25849.5,25902.8279
25849.5,25902.8541
25849.5,25924.077500000003
25849.5,25926.771
25849.5,25920.144800000002
25849.5,25922.893300000003
25849.5,25910.0391
25849.5,25907.907
25849.5,25917.615599999997
25849.5,25931.9339
25849.5,25923.411599999996
25849.5,25910.368600000005
25849.5,25913.269999999997
25849.5,25929.235399999998
25849.5,25903.023599999993
25849.5,25908.0899
25849.5,25909.628900000003
25849.5,25895.125
25849.5,25888.1605
25849.5,25900.4834
25849.5,25908.055900000003
25849.5,25913.9544
25849.5,25907.735300000004
25849.5,25911.3727
25849.5,25927.243699999995
25849.5,25902.215399999994
25849.5,25913.149799999996
25849.5,25914.018000000004
25849.5,25890.960400000004
25849.5,25913.6602
25849.5,25911.765400000004
25849.5,25929.174200000005
25849.5,25910.213999999996
25849.5,25911.4778
25849.5,25915.4466
25849.5,25907.5651
25849.5,25911.5532
25849.5,25905.556700000005
25849.5,25908.837699999996
25849.5,25919.1184
25849.5,25924.780099999996
25849.5,25916.590599999996
25849.5,25921.9148
25849.5,25927.337
25849.5,25907.286700000004
25849.5,25910.190500000004
25849.5,25909.816
25849.5,25919.432000000004
25849.5,25929.188300000005
25849.5,25903.8536
25849.5,25929.771699999994
25849.5,25910.382999999998
25849.5,25910.854599999995
25849.5,25924.96090000001
25849.5,25907.644800000002
25849.5,25909.251299999996
25849.5,25909.220199999992
25849.5,25910.973400000006
25849.5,25913.248199999998
25849.5,25911.3529
