BestFitnessMean,AverageFitnessMean
39434.0,115092.528
34675.0,72899.5878243513
33657.0,71802.52794411177
33657.0,70726.42215568862
33463.5,69121.34131736527
32297.0,68079.85329341318
30507.5,67505.0748502994
30237.0,66405.56487025949
30237.0,64893.54690618762
30130.0,62785.31836327346
29338.5,61589.14670658682
29190.5,61327.661676646705
29190.5,61038.93113772455
29190.5,60328.56387225549
29190.5,60164.82534930139
27652.5,59639.984031936125
27652.5,60041.5119760479
27652.5,59197.665668662674
27652.5,59418.89121756487
27652.5,59847.261477045904
27652.5,59909.9371257485
27652.5,60842.158682634734
27652.5,60303.31037924152
27652.5,59375.977045908185
27652.5,59425.18363273454
27652.5,60137.50499001997
27652.5,61373.58982035928
27652.5,61385.60978043912
27635.0,61639.25349301397
27572.0,61686.81437125748
27572.0,61348.4630738523
26865.5,61862.116766467065
26865.5,61143.63073852296
26865.5,61603.572854291415
26620.0,60695.53393213573
26620.0,60976.470059880245
26620.0,60684.54690618762
26620.0,61110.5748502994
26620.0,60874.206586826345
26620.0,59736.48502994012
26620.0,59676.31337325349
26620.0,59195.013972055895
26620.0,58963.39820359282
26620.0,59586.91716566866
26605.0,59719.51996007984
26605.0,59735.617764471055
26605.0,59056.12075848303
26605.0,59858.22055888224
26605.0,59201.3632734531
26605.0,58498.572854291415
26605.0,59070.96407185629
26605.0,59431.87225548903
26605.0,60068.624750499
26605.0,59743.796407185626
26605.0,60388.50399201596
26512.0,59964.806387225544
26512.0,59122.18363273454
26512.0,58935.43512974052
26512.0,58562.305389221554
26512.0,58801.28043912176
26484.0,58212.82634730539
26484.0,57418.0878243513
26484.0,58720.016966067866
26484.0,57649.68363273453
26484.0,57641.66766467066
26484.0,57616.40618762475
26484.0,57147.78542914172
26484.0,57098.58882235529
26484.0,56857.205588822355
26484.0,57286.37225548903
26484.0,57031.62774451097
26484.0,56708.00499001996
26484.0,55733.08083832335
26274.5,56023.206586826345
26274.5,55294.0129740519
26274.5,55445.19660678643
26274.5,55645.04291417166
26274.5,56543.12974051896
26274.5,56476.982035928144
26274.5,57235.60878243513
26274.5,58090.22255489022
26274.5,57877.94810379241
26274.5,57433.383233532935
26274.5,57478.10878243513
26274.5,58283.25948103792
26274.5,59329.80439121756
26274.5,59671.751497005986
26274.5,59039.624750499
26274.5,59901.5249500998
26274.5,60172.85528942116
26274.5,60483.128742514964
26274.5,60491.2375249501
26274.5,59806.41816367266
26274.5,58928.78642714571
26266.5,58541.0748502994
26266.5,58658.41816367266
26266.5,59257.27445109781
26266.5,58887.66467065868
26266.5,58078.00998003992
26266.5,57334.938123752494
26266.5,57209.27644710579
26266.5,57804.149700598806
26266.5,57555.073852295405
26266.5,58081.648702594815
26266.5,58499.843313373254
26266.5,58732.90518962075
26266.5,59219.9251497006
26266.5,59689.08083832335
26266.5,59935.64371257485
26266.5,59071.64870259481
26266.5,58836.16467065868
26266.5,58155.86227544911
26266.5,57678.62674650698
26234.5,56920.66866267465
26234.5,56780.74451097804
26234.5,56441.22854291417
26207.5,56329.792415169664
26207.5,55744.71956087824
26207.5,56332.68063872255
26207.5,55578.526946107784
26207.5,55218.345309381235
26207.5,54939.34830339321
26207.5,55142.789421157686
26207.5,55240.25748502994
26207.5,56409.716566866264
26207.5,57042.81037924152
26207.5,57125.73453093812
26207.5,57904.40718562874
26207.5,58543.028942115765
26207.5,59252.345309381235
26207.5,60417.67964071856
26207.5,60656.05588822355
26207.5,60084.334331337326
26207.5,60237.60978043912
26207.5,60908.375249501
26207.5,61300.375249501
26207.5,61484.08682634731
26207.5,60876.60778443114
26207.5,60717.530938123746
26207.5,59782.796407185626
26207.5,60194.841317365266
26207.5,59862.41017964072
26207.5,59108.06586826347
26207.5,58601.89221556886
26207.5,58245.96806387226
26207.5,58380.77045908183
26207.5,58128.62275449102
26207.5,58378.99800399202
26207.5,57768.792415169664
26207.5,57641.98902195609
26207.5,58004.974051896206
26207.5,56893.111776447106
26207.5,57096.63672654691
26207.5,57765.98003992016
26207.5,58167.941117764465
26207.5,58388.59580838324
26078.0,58234.04890219561
26078.0,58104.27045908184
26078.0,58692.33632734531
26078.0,58355.37425149701
26078.0,58455.15169660679
26078.0,58727.78642714571
26078.0,59921.81936127745
26078.0,59954.81037924152
26078.0,59503.245508982036
26078.0,59471.09580838324
26078.0,59930.36726546906
26078.0,60752.923153692616
26078.0,59995.708582834326
26078.0,59703.49900199601
26078.0,59864.791417165674
26078.0,60129.81337325349
26078.0,60281.2874251497
26078.0,59853.752495009976
26078.0,60298.68063872255
26078.0,59679.58483033932
26078.0,59892.35628742515
26078.0,59814.13173652695
26078.0,59915.076846307384
26078.0,59086.298403193614
26078.0,58729.568862275446
26078.0,59043.50099800399
26078.0,59676.299401197604
26078.0,60478.09081836327
26078.0,60054.30339321357
26078.0,60402.014970059885
26078.0,59967.01097804391
26078.0,60575.739520958086
26078.0,60162.974051896206
26078.0,60148.34231536926
26078.0,60056.18363273454
26078.0,59959.252495009976
26078.0,59328.46407185629
26078.0,59170.7754491018
26078.0,59436.433133732535
26078.0,59985.53493013972
26078.0,59854.10978043912
26078.0,59745.66666666667
26078.0,59026.87924151696
26078.0,59259.193612774456
26078.0,58812.41516966068
26078.0,58639.67265469062
26078.0,58595.15469061876
26078.0,57934.09381237525
26078.0,58112.54790419162
26078.0,58004.99900199601
26078.0,58907.43612774451
26078.0,58543.21157684631
26078.0,58422.86526946108
26078.0,57432.68862275449
26078.0,57023.73652694611
26078.0,57286.87325349302
26078.0,57253.90918163673
26078.0,57754.22654690618
26078.0,59218.88023952096
26078.0,59023.54890219561
26078.0,58529.37924151697
26078.0,58114.9131736527
26078.0,57879.14171656687
26078.0,58281.51896207585
26078.0,57718.55688622754
26078.0,56979.294411177645
26078.0,57519.80139720559
26078.0,58120.27844311377
26078.0,57827.60279441118
26078.0,57696.845309381235
26078.0,57318.60079840319
26078.0,57691.54590818363
26078.0,58016.844311377245
26078.0,57788.111776447106
26078.0,56434.69760479042
26078.0,56776.25349301397
26078.0,56702.95508982036
26078.0,57262.378243512976
26078.0,57439.09780439122
26078.0,57024.250499001995
26078.0,57750.427145708585
26078.0,57812.06487025948
26078.0,58163.14071856288
26078.0,58832.333333333336
26078.0,59494.14171656687
26078.0,58954.25848303393
26078.0,59013.80838323353
26078.0,58976.72055888223
26078.0,59184.659680638724
26078.0,59748.4870259481
26078.0,60263.694610778446
26078.0,59347.160678642715
26078.0,60211.32834331338
26078.0,59591.156686626746
26078.0,59114.888223552894
26078.0,59135.27944111776
26062.0,59148.4750499002
26062.0,58783.39820359281
26062.0,58174.09081836327
26062.0,58346.161676646705
26062.0,58155.433133732535
26062.0,56792.60479041916
26062.0,56853.522954091815
26062.0,57065.76946107784
26062.0,56051.03792415169
26062.0,56708.79041916168
26062.0,57570.32534930139
26062.0,57828.973053892216
26048.5,57700.25648702595
26048.5,57108.10978043912
26048.5,56573.46207584831
26048.5,56967.73552894212
26048.5,57007.207584830336
26048.5,57487.60379241517
26048.5,56783.90119760479
26048.5,55995.81137724551
26048.5,56494.710578842314
26048.5,57252.28443113773
26048.5,56922.070858283434
26048.5,56838.1377245509
26048.5,56949.427145708585
25997.0,57434.199600798405
25997.0,56790.793413173655
25997.0,57159.40618762475
25997.0,57189.98702594811
25997.0,56672.64471057884
25997.0,57195.70159680639
25997.0,56760.54291417166
25997.0,56799.99900199601
25997.0,57831.00798403194
25997.0,58134.60179640718
25997.0,57245.10978043912
25997.0,56598.60279441118
25997.0,56596.58483033932
25997.0,55357.76646706587
25997.0,55311.28542914172
25997.0,55591.54091816367
25997.0,55254.51996007984
25997.0,55952.37025948104
25997.0,56401.05389221557
25997.0,57189.85528942116
25997.0,57814.41516966068
25997.0,58108.82934131737
25997.0,57919.56886227545
25997.0,57739.705588822355
25997.0,58455.27145708583
25997.0,58422.17964071856
25997.0,58329.08283433133
25997.0,57678.016966067866
25997.0,57275.04391217565
25997.0,57053.15768463074
25933.0,57202.36027944111
25933.0,57565.11976047904
25933.0,57581.15568862275
25902.5,58437.78243512974
25902.5,57768.428143712576
25902.5,58087.77744510978
25902.5,58898.53592814371
25902.5,58716.71556886227
25902.5,58996.515968063875
25902.5,59467.46107784431
25902.5,58793.05888223553
25902.5,58688.94311377246
25902.5,57581.2624750499
25902.5,57638.05089820359
25902.5,57845.04491017964
25902.5,58530.974051896206
25902.5,58153.17165668662
25902.5,57849.58083832335
25902.5,57935.59680638723
25902.5,58856.296407185626
25902.5,58853.54690618762
25902.5,59313.14471057884
25902.5,60038.21357285429
25902.5,59569.76946107784
25902.5,59284.22854291418
25902.5,58518.94810379241
25902.5,58387.04690618762
25902.5,59190.837325349305
25902.5,58738.351297405185
25902.5,58212.926147704595
25902.5,57955.110778443115
25902.5,58036.81636726547
25902.5,58080.09281437126
25902.5,59139.58483033932
25902.5,59581.3992015968
25902.5,59763.09181636726
25902.5,59891.94211576846
25902.5,60234.00698602795
25902.5,60613.206586826345
25902.5,61323.8253493014
25902.5,61348.93512974052
25902.5,61434.283433133736
25902.5,60977.606786427146
25902.5,61600.26147704591
25902.5,62943.842315369264
25902.5,62761.00199600798
25902.5,62420.17964071856
25902.5,62183.875249501
25902.5,61234.46007984032
25902.5,61490.928143712576
25902.5,61563.254491017964
25902.5,61913.8622754491
25902.5,60752.53992015968
25902.5,60155.017964071856
25902.5,59630.87025948104
25902.5,59717.77245508982
25902.5,59270.10279441118
25902.5,59811.350299401194
25902.5,60402.91816367266
25902.5,60512.82335329341
25902.5,60681.216566866264
25902.5,59725.071856287424
25902.5,59281.77245508982
25902.5,58677.560878243516
25902.5,59062.22554890219
25902.5,59517.91716566867
25902.5,59292.703592814374
25902.5,59440.37125748503
25902.5,59208.432135728544
25902.5,59583.26846307385
25902.5,59690.516966067866
25902.5,59142.93512974052
25902.5,59025.94311377246
25902.5,58885.26347305389
25902.5,59228.983033932134
25902.5,59030.28443113773
25902.5,58622.388223552894
25902.5,59556.926147704595
25902.5,60188.45808383234
25902.5,60469.82235528942
25902.5,60844.4001996008
25902.5,60739.04491017964
25902.5,60628.14171656687
25902.5,60140.63373253493
25902.5,59735.85928143712
25902.5,58916.28143712575
25902.5,58814.74051896208
25902.5,58699.94810379241
25902.5,58415.474051896206
25902.5,57818.31137724551
25902.5,58218.26447105788
25902.5,57483.81137724551
25902.5,57465.78942115768
25902.5,57801.66766467066
25902.5,57300.63373253493
25902.5,57340.45309381238
25902.5,57898.615768463074
25902.5,57512.82834331338
25902.5,57751.440119760475
25902.5,58107.42115768463
25902.5,58358.92015968064
25902.5,58393.796407185626
25902.5,58882.23652694611
25902.5,58343.431137724554
25902.5,58394.54391217565
25902.5,57791.5369261477
25902.5,57056.09281437126
25902.5,56844.5628742515
25902.5,56316.50698602795
25902.5,55953.40319361277
25902.5,55858.939121756484
25902.5,55308.33033932136
25902.5,55516.41516966068
25902.5,54587.799401197604
25838.5,54611.76646706587
25838.5,55023.396207584825
25838.5,55301.762475049894
25838.5,55475.54590818363
25838.5,55699.754491017964
25838.5,56438.150698602796
25838.5,57711.78542914172
25838.5,58691.517964071856
25838.5,58749.94111776447
25838.5,59203.16866267465
25838.5,60328.383233532935
25838.5,61141.516966067866
25838.5,61340.81536926148
25838.5,61857.40818363274
25838.5,61943.794411177645
25838.5,61542.47904191617
25838.5,61290.333333333336
25838.5,61801.7624750499
25838.5,60976.50399201597
25838.5,60924.0489021956
25838.5,60428.58483033932
25838.5,59608.82534930139
25838.5,58812.25748502994
25838.5,58574.31836327346
25838.5,57258.89820359281
25838.5,58011.44610778443
25838.5,57841.53393213573
25838.5,56748.40618762475
25838.5,57419.42215568862
25838.5,57546.247504990024
25838.5,58157.58982035928
25838.5,59003.23453093812
25838.5,58419.6127744511
25838.5,57910.3253493014
25838.5,58309.24251497006
25838.5,57672.13373253493
25838.5,56555.704590818365
25838.5,56908.662674650695
25838.5,57740.0499001996
25838.5,58209.23453093812
25838.5,58013.881237524954
25838.5,58871.18463073853
25838.5,58321.521956087825
25838.5,58263.614770459084
25838.5,57732.8632734531
25838.5,58295.9500998004
25838.5,58796.05688622754
25838.5,58956.111776447106
25838.5,58982.03592814371
25838.5,58587.871257485036
25838.5,58854.54890219561
25838.5,58492.50199600798
25838.5,59357.95608782435
25838.5,59643.069860279444
25838.5,60040.484031936125
25838.5,59504.04091816368
25838.5,59600.793413173655
25838.5,59613.25548902196
25838.5,59303.66666666667
25838.5,59307.51397205589
25838.5,58856.83632734531
25838.5,58736.30339321357
25838.5,58966.245508982036
25838.5,59493.77944111777
25838.5,59504.85229540918
25838.5,58768.67664670659
25838.5,57808.426147704595
25838.5,57005.206586826345
25838.5,57484.90618762475
25838.5,58085.59081836327
25838.5,58403.22654690618
25838.5,57865.746506986026
25838.5,57236.72155688623
25838.5,57019.6746506986
25838.5,56755.71157684631
25838.5,56496.53493013972
25838.5,56370.51497005988
25838.5,56989.882235528945
25838.5,56964.31437125748
25838.5,57853.56487025948
25838.5,57988.14371257485
25838.5,58351.41017964072
25838.5,58657.0369261477
25838.5,58689.46207584831
25838.5,58570.63173652695
25838.5,58669.36626746507
25838.5,59216.95409181637
25838.5,58900.50898203593
25838.5,58245.60778443114
25838.5,58878.42015968064
25838.5,59884.75848303393
25838.5,58902.59481037924
25838.5,58036.00199600798
25838.5,57133.850299401194
25838.5,56286.71956087825
25838.5,56802.54191616766
25838.5,57284.558882235535
25838.5,58413.31736526947
25838.5,58469.04091816367
25838.5,58378.20159680639
25838.5,58810.27445109781
25838.5,58280.93612774451
25838.5,58157.800399201595
25838.5,58292.36726546906
25838.5,57174.31137724551
25838.5,57169.569860279444
25838.5,57477.73552894212
25838.5,58056.49900199601
25838.5,58093.08982035928
25838.5,58534.67664670659
25838.5,58865.52395209581
25838.5,58641.157684630736
25838.5,58822.39820359281
25838.5,59263.2874251497
25838.5,59526.30239520958
25838.5,59635.94810379241
25838.5,59071.40319361277
25838.5,59703.37924151697
25838.5,59080.56387225549
25838.5,57903.36027944111
25838.5,57392.81636726546
25838.5,57412.91916167665
25838.5,58169.01497005988
25838.5,58565.95608782435
25838.5,59009.67564870259
25838.5,59795.50898203593
25838.5,60754.50199600798
25838.5,60225.159680638724
25838.5,59771.72554890219
25838.5,58719.37325349302
25838.5,59319.25548902196
25838.5,59467.0878243513
25838.5,59533.52395209581
25838.5,59144.73053892216
25838.5,58940.76447105788
25838.5,59524.48502994012
25838.5,58838.4121756487
25838.5,58492.51397205589
25838.5,57981.66766467066
25838.5,58441.693612774456
25838.5,59247.026946107784
25838.5,59685.85129740519
25838.5,59759.04590818363
25838.5,59935.96407185629
25838.5,59398.98902195609
25838.5,59066.18862275449
25838.5,58620.00898203593
25838.5,58334.927145708585
25838.5,58325.619760479036
25838.5,58322.433133732535
25838.5,57763.655688622755
25838.5,57826.59880239521
25838.5,58116.160678642715
25838.5,58453.77644710579
25838.5,59319.96506986028
25838.5,59570.91017964072
25838.5,59446.95409181637
25838.5,59015.938123752494
25838.5,59200.432135728544
25838.5,59167.02395209581
25838.5,59012.573852295405
25838.5,59210.894211576844
25838.5,60261.576846307384
25838.5,60430.68163672654
25838.5,60424.744510978046
25838.5,61505.983033932134
25838.5,61252.14471057884
25838.5,60389.12075848303
25838.5,59729.69261477046
25838.5,58651.28642714571
25838.5,59595.03992015968
25838.5,59960.7245508982
25838.5,59853.9870259481
25838.5,60518.247504990024
25838.5,60879.17764471058
25838.5,60960.10978043912
25838.5,61145.166666666664
25838.5,60753.665668662674
25838.5,60406.29141716567
25838.5,60310.86027944111
25838.5,60470.702594810384
25838.5,60672.521956087825
25838.5,60798.4880239521
25838.5,60655.883233532935
25838.5,60288.27844311377
25838.5,59550.739520958086
25838.5,59190.00898203593
25838.5,58278.438123752494
25838.5,58406.58882235529
25838.5,58597.17465069861
25838.5,59313.00798403194
25838.5,59265.8003992016
25838.5,59208.984031936125
25838.5,58441.64271457086
25838.5,57828.66866267465
25838.5,57974.54191616766
25838.5,58241.888223552894
25838.5,57778.893213572854
25838.5,57455.93313373254
25838.5,57257.54091816367
25838.5,57562.53992015968
25838.5,58401.305389221554
25838.5,57829.9870259481
25838.5,57028.22954091817
25838.5,58233.54291417166
25838.5,58956.00698602795
25838.5,58495.14570858283
25838.5,57956.91317365269
25838.5,58184.03093812375
25838.5,59158.074850299396
25838.5,58617.23153692615
25838.5,58161.43313373254
25838.5,58675.33632734531
25838.5,58598.94011976048
25838.5,59131.96706586826
25838.5,59583.84830339321
25838.5,59412.08183632734
25838.5,58913.21556886227
25838.5,59450.53592814371
25838.5,59888.17564870259
25838.5,58964.49900199601
25838.5,58584.14670658683
25838.5,58700.55289421158
25838.5,58223.605788423156
25838.5,58067.333333333336
25838.5,57690.35329341317
25838.5,57634.40119760479
25838.5,57808.80439121756
25838.5,56916.72754491018
25837.0,56339.62774451097
25837.0,55560.72055888224
25837.0,55436.253493013974
25837.0,54946.81736526947
25837.0,55429.44710578842
25837.0,54884.83532934132
25837.0,54022.08183632734
25837.0,53924.290419161676
25837.0,54596.03293413174
25837.0,54241.572854291415
25837.0,55597.68463073852
25837.0,56329.85429141717
25837.0,55876.6377245509
25837.0,55935.621756487024
25837.0,56270.247504990024
25837.0,56544.37425149701
25837.0,56537.73652694611
25837.0,55601.84730538922
25837.0,55790.62974051896
25837.0,56319.94211576846
25837.0,56625.06487025948
25837.0,56438.32135728543
25837.0,56226.385229540916
25837.0,57056.68063872255
25837.0,57305.54890219561
25837.0,57941.01197604791
25837.0,57744.69161676647
25837.0,58523.327345309386
25837.0,59203.60878243513
25837.0,59742.27445109781
25837.0,59221.13972055889
25837.0,58604.792415169664
25837.0,59162.84630738523
25837.0,60164.06786427146
25837.0,60193.82534930139
25837.0,60753.71157684631
25837.0,59308.27844311377
25837.0,58560.12974051896
25837.0,57705.18463073852
25837.0,57567.96806387226
25837.0,57407.986027944105
25837.0,57177.35628742515
25837.0,57289.72255489022
25837.0,57722.80439121756
25837.0,58288.13273453094
25837.0,58606.2125748503
25837.0,58068.90818363274
25837.0,57900.68962075848
25837.0,58196.52994011976
25837.0,58334.297405189616
25837.0,58908.44810379241
25837.0,58449.27245508982
25837.0,58702.62574850299
25837.0,58316.94211576846
25837.0,57534.82035928144
25837.0,58011.22155688623
25837.0,58121.62275449102
25837.0,58831.471057884235
25837.0,59199.059880239525
25837.0,59735.48902195609
25837.0,59746.63473053892
25837.0,59946.26946107784
25837.0,59533.124750499
25837.0,59349.27844311377
25837.0,59176.09081836327
25837.0,59158.158682634734
25837.0,58876.71357285429
25837.0,58898.40518962076
25837.0,58276.09880239521
25837.0,58328.36926147705
25837.0,58739.54391217565
25837.0,58479.21956087825
25837.0,58586.80738522954
25837.0,59196.974051896206
25837.0,59144.15169660679
25837.0,58743.40119760479
25837.0,58487.483033932134
25837.0,58156.00399201597
25837.0,58145.42315369261
25837.0,58789.60778443114
25837.0,58725.5878243513
25837.0,59383.33532934132
25837.0,60008.716566866264
25837.0,61095.81137724551
25837.0,61807.616766467065
25837.0,61075.7125748503
25837.0,61151.04091816368
25837.0,61636.32834331338
25837.0,61692.04191616767
25837.0,61354.559880239525
25837.0,60836.00898203593
25837.0,59813.17465069861
25837.0,58985.112774451096
25837.0,58951.99201596806
25837.0,58545.8622754491
25837.0,58205.836327345314
25837.0,58149.15169660679
25837.0,57444.28143712575
25837.0,57338.661676646705
25837.0,57403.843313373254
25837.0,57417.790419161676
25837.0,56776.13672654691
25837.0,56479.27844311377
25837.0,55435.71357285429
25837.0,55170.33033932136
25837.0,55506.64371257485
25837.0,55441.49301397205
25837.0,55048.33233532934
25837.0,54108.45409181637
25837.0,54501.94111776447
25837.0,54029.16766467066
25837.0,54930.970059880245
25837.0,55371.24451097804
25837.0,55618.74251497006
25837.0,55942.026946107784
25837.0,55105.53892215568
25837.0,55132.205588822355
25837.0,55943.35628742515
25837.0,56349.94910179641
25837.0,56151.43612774451
25837.0,55646.350299401194
25837.0,56765.18463073853
25837.0,57769.96506986028
25837.0,58605.283433133736
25837.0,59587.618762475046
25837.0,59837.04690618762
25837.0,60353.485029940115
25837.0,60291.90319361277
25837.0,60181.65768463074
25837.0,59872.34730538922
25837.0,59978.888223552894
25837.0,59596.572854291415
25837.0,59330.388223552894
25837.0,59246.383233532935
25837.0,59035.95908183633
25837.0,58076.04291417166
25837.0,58839.614770459084
25837.0,58620.17964071856
25837.0,57495.65469061876
25837.0,57496.18662674651
25837.0,58194.3632734531
25837.0,58648.53093812375
25837.0,58119.02994011976
25837.0,58247.16866267465
25837.0,57594.239520958086
25837.0,57850.64271457086
25837.0,58258.7874251497
25837.0,57958.840319361276
25837.0,57301.41816367266
25837.0,57318.471057884235
25837.0,56551.4750499002
25837.0,56447.92415169661
25837.0,56110.650698602796
25837.0,56710.37824351297
25837.0,57197.516966067866
25837.0,56416.67165668662
25837.0,56668.55489021956
25837.0,56542.80239520958
25837.0,56017.22055888224
25837.0,55563.50598802396
25837.0,55717.57584830339
25837.0,56294.91017964072
25837.0,57234.22055888223
25837.0,57784.9121756487
25837.0,58204.12774451098
25837.0,57738.716566866264
25837.0,57042.25748502994
25837.0,56589.71457085828
25837.0,57031.747504990024
25837.0,57539.85329341318
25837.0,57379.624750499
25837.0,58186.192614770465
25837.0,58993.52994011976
25837.0,58165.77045908183
25837.0,58376.60379241517
25837.0,57984.3003992016
25837.0,58249.16866267465
25837.0,57131.55588822355
25837.0,57126.926147704595
25837.0,56910.09481037925
25837.0,57401.01097804391
25837.0,57895.53193612774
25837.0,57709.51497005988
25837.0,57443.245508982036
25837.0,57928.14670658683
25837.0,58642.87624750499
25837.0,58300.96107784432
25837.0,58684.42215568862
25837.0,59115.672654690614
25837.0,57762.69860279441
25837.0,57692.32135728543
25837.0,56798.57385229541
25837.0,57390.80838323353
25837.0,58888.00499001996
25837.0,59206.59680638723
25837.0,59990.656686626746
25837.0,60249.738522954096
25837.0,59558.04191616767
25837.0,59622.15169660679
25837.0,58937.103792415175
25837.0,58993.7754491018
25837.0,59505.1876247505
25837.0,60089.378243512976
25837.0,59389.261477045904
25837.0,59734.30838323353
25837.0,59615.49301397205
25837.0,58460.27944111776
25837.0,58056.707584830336
25837.0,58466.59081836327
25837.0,59098.92015968064
25837.0,59647.32235528942
25837.0,60256.41017964072
25837.0,60741.73353293413
25837.0,59962.31536926147
25837.0,59501.104790419166
25837.0,60136.239520958086
25837.0,59806.39021956088
25837.0,58254.893213572854
25837.0,57820.39720558882
25837.0,58628.69560878244
25837.0,58939.63373253493
25837.0,59061.00598802396
25837.0,58684.82235528942
25837.0,58555.916167664676
25837.0,57592.62275449102
25837.0,58032.68862275449
25837.0,58042.08483033932
25837.0,57939.96107784432
25837.0,58016.200598802396
25837.0,57988.850299401194
25837.0,57699.979041916165
25837.0,57424.03393213573
25837.0,56829.25848303393
25837.0,56584.471057884235
25837.0,57441.1367265469
25837.0,57060.834331337326
25837.0,57219.91716566867
25837.0,57128.90319361277
25837.0,57395.067864271456
25837.0,57513.871257485036
25837.0,58532.710578842314
25837.0,58217.935129740516
25837.0,59058.77644710579
25837.0,59764.90219560878
25837.0,58487.27145708583
25837.0,57123.473053892216
25837.0,57482.19660678643
25837.0,57118.650698602796
25837.0,57037.86926147705
25837.0,57105.15269461078
25837.0,57673.971057884235
25837.0,58101.561876247506
25837.0,58325.835329341324
25837.0,58995.33532934132
25837.0,58430.04191616767
25837.0,58320.339321357285
25837.0,58324.58483033932
25837.0,57983.71556886227
25837.0,57656.44411177645
25837.0,57395.305389221554
25837.0,57781.49201596806
25837.0,56965.74151696607
25837.0,56322.429141716566
25837.0,56600.158682634734
25837.0,56176.13073852296
25837.0,54899.64171656687
25837.0,55815.01397205589
25837.0,55715.117764471055
25837.0,55377.526946107784
25837.0,55487.335329341324
25837.0,55131.606786427146
25837.0,54759.128742514964
25837.0,55405.18163672654
25837.0,55547.837325349305
25837.0,55705.25648702595
25837.0,55587.83133732535
25837.0,55243.22654690618
25837.0,56559.67864271457
25837.0,56253.64371257485
25837.0,56852.53792415169
25837.0,56898.117764471055
25837.0,57712.92215568862
25837.0,57785.294411177645
25837.0,58465.8622754491
25837.0,58648.99600798403
25837.0,58174.75548902196
25837.0,58564.76447105789
25837.0,58498.066866267465
25837.0,58642.5998003992
25837.0,58250.250499001995
25837.0,58911.68263473054
25837.0,58331.54690618762
25837.0,57746.03892215568
25837.0,57250.165668662674
25837.0,57516.380239520964
25837.0,57453.67065868263
25837.0,57409.75349301397
25837.0,57217.704590818365
25837.0,56708.39021956088
25837.0,56699.30938123753
25837.0,56082.93512974052
25837.0,56553.25349301397
25837.0,57325.95209580839
25837.0,57670.62175648703
25837.0,57816.21457085828
25837.0,58143.31836327346
25837.0,58696.172654690614
25837.0,59056.624750499
25837.0,58447.796407185626
25837.0,58920.75848303393
25837.0,58855.92115768463
25837.0,59768.982035928144
25837.0,60257.50798403194
25837.0,60057.99101796407
25837.0,60065.18163672655
25837.0,58881.6746506986
25837.0,57779.57584830339
25837.0,57036.04790419162
25837.0,56765.761477045904
25837.0,56305.9500998004
25837.0,57116.04590818363
25837.0,56326.165668662674
25837.0,56331.50099800399
25837.0,56168.708582834326
25837.0,56151.74251497006
25837.0,56268.930139720556
25837.0,55498.95608782435
25837.0,55441.80139720559
25837.0,56544.35528942116
25837.0,56583.68562874252
25837.0,56634.00399201596
25837.0,56364.04191616767
25837.0,56500.05189620759
25837.0,56050.750499001995
25837.0,55477.04391217565
25837.0,55814.47604790419
25837.0,55618.061876247506
25837.0,55730.54590818363
25837.0,55637.68463073853
25837.0,54606.00998003992
25837.0,54111.05389221557
25837.0,54353.79141716567
25837.0,54209.19361277445
25837.0,54791.89121756487
25837.0,54926.32235528942
25837.0,55253.85728542914
25837.0,54949.09281437125
25837.0,54060.35329341317
25837.0,53605.71956087824
25837.0,54251.35429141716
