BestFitnessMean,AverageFitnessMean
53053.35,87721.9555
43812.65,74253.03170000002
39136.8,64668.745299999995
35962.75,57384.230199999976
33737.35,50718.801900000006
32113.75,46017.4068
31142.6,43172.0453
30090.55,41004.4646
29380.65,38964.75230000001
28554.75,37490.3544
27909.25,36123.4452
27475.1,35004.923599999995
27097.0,34157.933000000005
26877.4,33001.546700000006
26700.4,32057.017499999998
26564.35,31502.4326
26476.2,30784.130200000003
26374.45,30508.876300000004
26273.0,29875.581899999997
26192.05,29617.1152
26125.75,29388.963300000003
26090.55,28887.9479
26053.8,28702.9827
26028.95,28409.7077
25976.1,28145.645399999998
25957.4,27875.149499999992
25942.2,27829.250700000004
25935.1,27804.203999999998
25928.15,27555.4312
25928.15,27254.2974
25926.45,27124.1962
25922.15,26936.9193
25912.7,26724.903100000003
25900.6,26758.032400000004
25900.6,26818.4191
25896.3,26843.113900000004
25896.3,26988.1689
25896.3,26851.3114
25896.3,26803.8068
25896.3,26675.020500000002
25878.25,26556.319900000002
25878.25,26462.804200000002
25878.25,26533.777599999994
25878.25,26566.6794
25878.25,26519.8887
25878.25,26406.594899999996
25878.25,26388.475300000002
25878.25,26329.965900000003
25878.25,26345.214400000004
25878.25,26326.2369
25878.25,26294.4669
25878.25,26303.6597
25878.25,26267.029499999997
25878.25,26194.195699999997
25878.25,26224.158400000004
25873.95,26219.973100000003
25873.95,26278.173300000002
25878.25,26276.802600000003
25878.25,26225.838899999995
25878.25,26207.9467
25873.9,26239.994499999993
25873.05,26308.228000000003
25873.05,26252.842799999995
25873.05,26244.427499999998
25873.05,26228.086600000002
25873.05,26277.6544
25873.05,26298.685100000002
25873.05,26298.742699999995
25873.05,26319.644099999998
25873.05,26246.956799999996
25873.05,26257.801199999998
25873.05,26232.797599999998
25860.55,26213.780000000006
25860.55,26226.6722
25860.55,26213.8117
25860.55,26211.581400000003
25860.55,26295.519099999998
25860.55,26308.6267
25860.55,26220.610399999998
25860.55,26159.5904
25860.55,26207.884700000002
25860.55,26192.3265
25860.55,26191.462700000004
25860.55,26173.1797
25854.75,26193.582800000007
25854.75,26195.429099999998
25854.75,26183.1788
25854.75,26198.1705
25854.75,26167.2397
25854.75,26182.8213
25854.75,26199.722800000003
25854.75,26200.858099999994
25854.75,26181.239999999998
25854.75,26183.499300000003
25854.75,26176.739500000003
25854.75,26204.295700000002
25854.75,26190.506199999996
25854.75,26182.1952
25854.75,26182.732899999995
25854.75,26156.8429
25854.75,26225.4824
25854.75,26205.467000000004
25854.75,26172.497499999998
25854.75,26208.8441
25854.75,26220.153599999998
25854.75,26229.8811
25854.75,26176.0729
25854.75,26172.564
25854.75,26195.9269
25854.75,26207.763
25854.75,26188.485899999996
25854.75,26191.042999999998
25854.75,26211.305399999997
25854.75,26198.315199999997
25854.75,26183.392699999997
25854.75,26194.7556
25854.75,26195.7587
25854.75,26201.718400000005
25854.75,26201.638
25854.75,26152.4916
25854.75,26149.4613
25854.75,26167.754800000002
25854.75,26190.038200000003
25854.75,26171.3658
25854.75,26220.184999999998
25854.75,26223.1321
25854.75,26174.339500000002
25854.75,26175.685899999993
25854.75,26200.303599999996
25854.75,26218.935099999995
25854.75,26203.024800000003
25854.75,26190.103800000004
25854.75,26199.585600000002
25854.75,26221.719100000006
25854.75,26202.323
25854.75,26163.044100000003
25854.75,26160.579300000005
25854.75,26178.801600000003
25854.75,26208.970900000004
25854.75,26192.669299999998
25854.75,26180.865
25854.75,26196.6297
25854.75,26173.6847
25854.75,26224.1657
25854.75,26186.1193
25854.75,26170.792299999994
25854.75,26158.236299999997
25854.75,26161.1183
25854.75,26178.664599999996
25854.75,26185.9588
25854.75,26194.4294
25854.75,26187.608299999993
25854.75,26210.929900000003
25854.75,26210.983999999997
25854.75,26198.7879
25854.75,26198.154400000007
25854.75,26206.43
25854.75,26190.8786
25854.75,26141.394300000004
25854.75,26188.291500000003
25854.75,26207.4172
25854.75,26183.010199999997
25854.75,26217.6591
25854.75,26201.5886
25854.75,26196.3
25854.75,26173.830400000003
25854.75,26143.2226
25854.75,26170.530700000003
25854.75,26218.609400000005
25854.75,26183.1707
25854.75,26181.067600000002
25854.75,26161.054599999996
25854.75,26154.892799999998
25854.75,26190.735600000004
25854.75,26198.958000000006
25854.75,26177.819900000002
25854.75,26190.4104
25854.75,26186.4127
25854.75,26196.923600000006
25854.75,26159.8067
25854.75,26127.951500000003
25854.75,26186.905999999995
25854.75,26192.2831
25854.75,26233.436999999998
25854.75,26206.3923
25854.75,26229.868299999995
25854.75,26205.350199999997
25854.75,26219.1712
25854.75,26192.8444
25854.75,26184.750699999997
25854.75,26140.513900000005
25854.75,26181.182699999998
25854.75,26204.9846
25854.75,26209.118599999998
25854.75,26175.9674
25854.75,26232.682500000003
25854.75,26178.1251
25854.75,26129.1283
25854.75,26191.2394
25854.75,26221.4772
25854.75,26183.681199999995
25854.75,26183.3986
25854.75,26202.542999999998
25854.75,26186.6659
25854.75,26224.818500000005
25854.75,26164.9456
25854.75,26212.891399999997
25854.75,26190.786799999994
25854.75,26209.238099999995
25854.75,26173.236999999997
25854.75,26182.370300000002
25854.75,26171.3817
25854.75,26194.915399999998
25854.75,26206.968699999998
25854.75,26205.825200000003
25854.75,26147.242999999995
25854.75,26159.526600000005
25854.75,26193.082799999996
25854.75,26225.045200000004
25854.75,26211.153100000007
25854.75,26228.7976
25854.75,26185.105600000003
25854.75,26195.3755
25854.75,26174.275699999995
25854.75,26201.922599999998
25854.75,26154.823500000002
25854.75,26245.4962
25854.75,26211.612400000005
25854.75,26160.8102
25854.75,26217.671200000004
25854.75,26189.621100000004
25854.75,26169.0634
25854.75,26165.5708
25854.75,26233.441
25854.75,26193.008800000003
25854.75,26184.309
25854.75,26211.3177
25854.75,26194.3427
25854.75,26199.6029
25854.75,26191.244299999995
25854.75,26180.6083
25854.75,26189.511799999997
25854.75,26209.966699999997
25854.75,26193.7961
25854.75,26175.968200000003
25854.75,26199.720200000003
25854.75,26190.3231
25854.75,26156.074100000005
25854.75,26184.6616
25854.75,26172.057
25854.75,26197.3237
25854.75,26180.5688
25854.75,26193.281
25854.75,26190.599800000004
25854.75,26226.436599999997
25854.75,26215.0351
25854.75,26204.4671
25854.75,26225.796200000004
25854.75,26187.162800000002
25854.75,26178.914000000004
25854.75,26191.585600000002
25854.75,26196.351300000002
25854.75,26229.8141
25854.75,26181.111799999995
25854.75,26199.1512
25854.75,26176.7777
25854.75,26178.2088
25854.75,26182.8034
25854.75,26157.192400000004
25854.75,26187.4288
25854.75,26189.378299999993
25854.75,26205.613699999994
25854.75,26182.6115
25854.75,26186.656599999995
25854.75,26218.176300000003
25854.75,26199.7088
25854.75,26204.661399999997
25854.75,26177.410500000005
25854.75,26233.992599999998
25854.75,26208.0635
25854.75,26179.0761
25854.75,26183.6644
25854.75,26159.0199
25854.75,26203.1581
25854.75,26172.011399999996
25854.75,26181.840799999998
25854.75,26171.6481
25854.75,26190.834
25854.75,26176.0363
25854.75,26194.7726
25854.75,26180.4293
25854.75,26168.4997
25854.75,26188.901300000005
25854.75,26203.9686
25854.75,26201.408100000008
25854.75,26191.651399999995
25854.75,26211.988299999997
25854.75,26164.210199999998
25854.75,26168.8539
25854.75,26227.106299999996
25854.75,26189.6903
25854.75,26221.761699999995
25854.75,26184.9579
25854.75,26200.5916
25854.75,26190.202500000003
25854.75,26184.3131
25854.75,26214.2233
25854.75,26166.156599999995
25854.75,26166.517700000004
25854.75,26202.778499999997
25854.75,26194.2661
25854.75,26192.123
25854.75,26219.1879
25854.75,26204.455100000003
25854.75,26227.4226
25854.75,26155.698699999997
25854.75,26170.587400000004
25854.75,26183.219100000002
25854.75,26246.452199999992
25854.75,26154.5105
25854.75,26242.3474
25854.75,26207.861900000004
25854.75,26185.595899999997
25854.75,26176.747999999996
25854.75,26165.3888
25854.75,26220.381600000004
25854.75,26212.851399999996
25854.75,26214.253599999996
25854.75,26199.916900000004
25854.75,26157.607799999998
25854.75,26229.9157
25854.75,26191.3394
25854.75,26244.940500000004
25854.75,26148.025200000004
25854.75,26198.542500000003
25854.75,26196.8763
25854.75,26182.709699999996
25854.75,26226.773800000003
25854.75,26180.694199999998
25854.75,26189.6516
25854.75,26218.2924
25854.75,26214.126400000005
25854.75,26170.723199999997
25854.75,26172.5023
25854.75,26215.5685
25854.75,26149.6377
25854.75,26221.0392
25854.75,26187.155099999996
25854.75,26160.5512
25854.75,26194.181599999996
25854.75,26184.552399999997
25854.75,26155.978099999997
25854.75,26192.7855
25854.75,26188.220599999997
25854.75,26183.958300000002
25854.75,26205.7627
25854.75,26217.946999999996
25854.75,26190.5112
25854.75,26167.934
25854.75,26194.5599
25854.75,26193.4565
25854.75,26201.624400000004
25854.75,26202.1707
25854.75,26197.760400000003
25854.75,26195.8293
25854.75,26213.7581
25854.75,26195.301700000004
25854.75,26166.920000000002
25854.75,26226.988999999994
25854.75,26195.232600000003
25854.75,26212.449200000003
25854.75,26191.5507
25854.75,26175.394399999997
25854.75,26193.4694
25854.75,26191.6549
25854.75,26229.013199999998
25854.75,26196.993200000004
25854.75,26244.1843
25854.75,26176.393699999997
25854.75,26177.7665
25854.75,26229.426900000002
25854.75,26236.867599999998
25854.75,26198.4436
25854.75,26195.4523
25854.75,26185.7605
25854.75,26192.059299999997
25854.75,26192.4944
25854.75,26175.8554
25854.75,26184.461799999997
25854.75,26214.2374
25854.75,26230.142200000002
25854.75,26140.8233
25854.75,26218.576800000003
25854.75,26181.411799999998
25854.75,26177.1788
25854.75,26232.609999999997
25854.75,26192.237
25854.75,26190.4116
25854.75,26204.3615
25854.75,26183.915399999998
25854.75,26182.191899999994
25854.75,26261.7843
25854.75,26201.042200000004
25854.75,26179.8029
25854.75,26177.366499999996
25854.75,26180.6541
25854.75,26199.655000000002
25854.75,26210.852000000003
25854.75,26182.205500000004
25854.75,26217.655099999996
25854.75,26205.816
25854.75,26174.729300000003
25854.75,26223.1472
25854.75,26166.326399999998
25854.75,26146.864400000002
25854.75,26228.3886
25854.75,26199.041900000004
25854.75,26185.248999999996
25854.75,26181.9821
25854.75,26219.676
25854.75,26176.947600000007
25854.75,26187.704400000006
25854.75,26196.7015
25854.75,26212.543400000002
25854.75,26201.896399999998
25854.75,26189.5249
25854.75,26200.3483
25854.75,26208.153700000003
25854.75,26207.171500000004
25854.75,26180.8793
25854.75,26199.8675
25854.75,26183.9737
25854.75,26232.4796
25854.75,26197.084899999998
25854.75,26183.3566
25854.75,26199.292799999996
25854.75,26230.0125
25854.75,26183.9803
25854.75,26197.0715
25854.75,26195.658
25854.75,26172.856700000004
25854.75,26189.498999999993
25854.75,26212.522300000004
25854.75,26183.966300000004
25854.75,26182.8861
25854.75,26176.429500000006
25854.75,26203.622100000008
25854.75,26219.6936
25854.75,26183.890199999998
25854.75,26208.484999999997
25854.75,26166.2315
25854.75,26193.4973
25854.75,26173.166000000005
25854.75,26188.796400000003
25854.75,26200.6261
25854.75,26213.591899999992
25854.75,26158.951399999994
25854.75,26211.6208
25854.75,26220.048700000003
25854.75,26183.9024
25854.75,26185.7572
25854.75,26192.6746
25854.75,26220.9528
25854.75,26210.242
25854.75,26200.879
25854.75,26224.0278
25854.75,26244.402000000002
25854.75,26199.5494
25854.75,26187.9815
25854.75,26190.8908
25854.75,26212.989600000004
25854.75,26220.9536
25854.75,26186.6634
25854.75,26176.3415
25854.75,26187.423
25854.75,26178.577000000005
25854.75,26163.9001
25854.75,26192.089300000003
25854.75,26224.693100000004
25854.75,26198.275499999996
25854.75,26185.817499999997
25854.75,26204.7196
25854.75,26175.254
25854.75,26209.7378
25854.75,26200.213
25854.75,26161.607500000006
25854.75,26218.4853
25854.75,26195.3922
25854.75,26172.5958
25854.75,26240.143900000003
25854.75,26173.977899999998
25854.75,26159.549
25854.75,26201.383500000004
25854.75,26203.1444
25854.75,26218.319200000005
25854.75,26206.030600000006
25854.75,26212.467000000004
25854.75,26201.332899999998
25854.75,26163.846100000002
25854.75,26190.790999999997
25854.75,26175.4535
25854.75,26203.183300000004
25854.75,26206.4105
25854.75,26208.5591
25854.75,26206.2863
25854.75,26196.295099999996
25854.75,26205.865100000003
25854.75,26224.822200000002
25854.75,26215.096600000008
25854.75,26212.057099999998
25854.75,26170.064399999996
25854.75,26180.3906
25854.75,26216.349200000004
25854.75,26205.263999999996
25854.75,26188.700699999994
25854.75,26176.719700000005
25854.75,26243.278700000003
25854.75,26218.4181
25854.75,26192.061299999998
25854.75,26161.484800000002
25854.75,26162.0581
25854.75,26200.0086
25854.75,26243.309
25854.75,26154.432600000004
25854.75,26212.369599999998
25854.75,26150.6804
25854.75,26186.119100000004
25854.75,26187.9248
25854.75,26188.4344
25854.75,26183.404799999997
25854.75,26173.725400000003
25854.75,26174.274400000002
25854.75,26205.676700000004
25854.75,26207.200099999995
25854.75,26206.318600000006
25854.75,26190.604400000004
25854.75,26182.384000000002
25854.75,26213.942
25854.75,26194.8236
25854.75,26217.72100000001
25854.75,26195.100000000006
25854.75,26200.727599999995
25854.75,26205.303000000007
25854.75,26215.767499999994
25854.75,26193.8261
25854.75,26184.702200000003
25854.75,26208.701500000003
25854.75,26224.739899999997
25854.75,26178.987399999998
25854.75,26154.092
25854.75,26226.6981
25854.75,26165.595699999998
25854.75,26189.5202
25854.75,26186.1446
25854.75,26204.383400000002
25854.75,26212.4201
25854.75,26220.06660000001
25854.75,26241.913300000004
25854.75,26194.607300000003
25854.75,26180.7541
25854.75,26162.995800000008
25854.75,26195.882800000003
25854.75,26188.978599999995
25854.75,26203.522300000004
25854.75,26169.875699999997
25854.75,26238.131800000003
25854.75,26214.769599999992
25854.75,26170.4825
25854.75,26175.092599999996
25854.75,26164.154699999996
25854.75,26210.0207
25854.75,26221.392199999995
25854.75,26226.855199999998
25854.75,26225.3609
25854.75,26176.454199999996
25854.75,26250.9557
25854.75,26168.8856
25854.75,26201.2491
25854.75,26186.3178
25854.75,26222.101000000002
25854.75,26164.557900000003
25854.75,26213.1116
25854.75,26157.978799999997
25854.75,26158.989899999993
25854.75,26181.809000000005
25854.75,26216.694800000005
25854.75,26238.6468
25854.75,26158.0952
25854.75,26211.4149
25854.75,26229.4961
25854.75,26206.612699999998
25854.75,26187.6098
25854.75,26190.2929
25854.75,26183.508200000004
25854.75,26156.3973
25854.75,26182.830800000003
25854.75,26187.652000000006
25854.75,26190.2447
25854.75,26183.564199999997
25854.75,26167.5712
25854.75,26219.4185
25854.75,26201.6043
25854.75,26172.847399999995
25854.75,26186.575100000002
25854.75,26190.690200000005
25854.75,26219.1608
25854.75,26190.7731
25854.75,26168.255200000003
25854.75,26194.566199999997
25854.75,26176.727600000002
25854.75,26208.144200000006
25854.75,26195.5506
25854.75,26176.763599999995
25854.75,26200.958899999998
25854.75,26193.799699999996
25854.75,26208.364
25854.75,26169.3593
25854.75,26216.102999999996
25854.75,26199.035400000004
25854.75,26135.099800000004
25854.75,26194.929699999997
25854.75,26202.7938
25854.75,26194.714200000006
25854.75,26183.044199999993
25854.75,26167.2343
25854.75,26168.927400000004
25854.75,26197.360800000002
25854.75,26158.793799999996
25854.75,26161.7762
25854.75,26195.306000000004
25854.75,26222.030700000003
25854.75,26178.3156
25854.75,26173.6527
25854.75,26171.347400000002
25854.75,26213.785000000003
25854.75,26182.528400000003
25854.75,26225.0229
25854.75,26218.481099999997
25854.75,26162.555700000004
25854.75,26195.7651
25854.75,26165.448200000003
25854.75,26198.2866
25854.75,26165.2843
25854.75,26182.923500000004
25854.75,26216.071500000002
25854.75,26186.391200000002
25854.75,26220.826900000004
25854.75,26161.485999999997
25854.75,26165.247599999995
25854.75,26208.8234
25854.75,26188.286999999997
25854.75,26233.507899999997
25854.75,26212.186899999993
25854.75,26207.225300000002
25854.75,26173.6526
25854.75,26179.906500000005
25854.75,26154.476300000002
25854.75,26196.0599
25854.75,26203.1433
25854.75,26149.3388
25854.75,26188.2547
25854.75,26204.241100000007
25854.75,26188.644299999996
25854.75,26190.7266
25854.75,26221.6327
25854.75,26213.7451
25854.75,26168.0117
25854.75,26174.6646
25854.75,26216.050999999996
25854.75,26170.9908
25854.75,26181.6049
25854.75,26174.1246
25854.75,26206.8163
25854.75,26183.8111
25854.75,26230.312599999997
25854.75,26209.1965
25854.75,26193.657499999994
25854.75,26205.020200000003
25854.75,26188.2149
25854.75,26224.047700000003
25854.75,26208.9288
25854.75,26216.345099999995
25854.75,26201.1294
25854.75,26203.5367
25854.75,26162.698800000002
25854.75,26216.307499999995
25854.75,26161.095
25854.75,26206.894000000004
25854.75,26166.390099999997
25854.75,26210.148999999998
25854.75,26178.732400000004
25854.75,26187.950300000004
25854.75,26210.365299999998
25854.75,26220.989
25854.75,26182.708000000002
25854.75,26203.814000000006
25854.75,26136.3345
25854.75,26206.6916
25854.75,26156.7136
25854.75,26160.8675
25854.75,26216.198000000004
25854.75,26210.154199999997
25854.75,26199.3827
25854.75,26160.6172
25854.75,26205.1882
25854.75,26196.200800000002
25854.75,26180.3281
25854.75,26198.1044
25854.75,26169.5676
25854.75,26213.9604
25854.75,26187.083099999996
25854.75,26180.103900000002
25854.75,26211.686899999997
25854.75,26190.886000000002
25854.75,26181.9926
25854.75,26217.333400000003
25854.75,26172.834899999998
25854.75,26194.8877
25854.75,26203.160900000006
25854.75,26231.7273
25854.75,26177.644600000007
25854.75,26212.983799999998
25854.75,26158.532999999996
25854.75,26207.3871
25854.75,26189.8091
25854.75,26198.827
25854.75,26202.8056
25854.75,26213.574999999997
25854.75,26197.649699999998
25854.75,26185.066899999998
25854.75,26224.871399999996
25854.75,26189.1865
25854.75,26177.085
25854.75,26169.9783
25854.75,26188.8025
25854.75,26172.9629
25854.75,26221.949700000005
25854.75,26197.150200000004
25854.75,26194.200699999998
25854.75,26222.080900000008
25854.75,26230.134099999996
25854.75,26175.863299999997
25854.75,26169.391200000002
25854.75,26185.684699999998
25854.75,26166.1035
25854.75,26210.521400000005
25854.75,26203.3093
25854.75,26171.273599999997
25854.75,26204.9735
25854.75,26191.078400000002
25854.75,26213.576999999997
25854.75,26159.4283
25854.75,26199.3346
25854.75,26153.665699999998
25854.75,26199.609700000005
25854.75,26208.577699999998
25854.75,26192.815199999997
25854.75,26220.508700000006
25854.75,26151.331899999997
25854.75,26170.555699999997
25854.75,26174.245699999996
25854.75,26203.772999999997
25854.75,26210.8178
25854.75,26190.886000000002
25854.75,26236.636
25854.75,26193.317
25854.75,26204.5714
25854.75,26198.3326
25854.75,26173.7137
25854.75,26156.6237
25854.75,26197.076500000003
25854.75,26234.1374
25854.75,26184.171599999998
25854.75,26196.151599999997
25854.75,26172.8197
25854.75,26218.448599999996
25854.75,26199.1238
25854.75,26207.230099999997
25854.75,26231.5368
25854.75,26132.465800000005
25854.75,26221.516300000007
25854.75,26205.0603
25854.75,26158.699
25854.75,26192.592800000002
25854.75,26172.9749
25854.75,26178.501699999997
25854.75,26203.050500000005
25854.75,26192.7725
25854.75,26166.0679
25854.75,26188.064099999996
25854.75,26179.695999999996
25854.75,26163.209500000004
25854.75,26166.454800000003
25854.75,26174.820499999994
25854.75,26175.838000000003
25854.75,26200.015900000002
25854.75,26170.309099999995
25854.75,26204.1004
25854.75,26187.843
25854.75,26205.634299999998
25854.75,26245.463300000003
25854.75,26186.9334
25854.75,26216.3344
25854.75,26176.281300000002
25854.75,26207.1026
25854.75,26174.947399999997
25854.75,26183.0884
25854.75,26200.870699999996
25854.75,26171.8045
25854.75,26183.5799
25854.75,26184.400100000006
25854.75,26176.4649
25854.75,26173.0693
25854.75,26199.1527
25854.75,26181.984399999998
25854.75,26165.211299999995
25854.75,26157.2826
25854.75,26192.073599999996
25854.75,26209.4842
25854.75,26228.4965
25854.75,26190.1528
25854.75,26164.6625
25854.75,26187.789
25854.75,26197.2262
25854.75,26173.8799
25854.75,26205.0829
25854.75,26155.1727
25854.75,26186.135000000002
25854.75,26158.1846
25854.75,26166.778100000003
25854.75,26229.441100000004
25854.75,26172.029299999995
25854.75,26176.229700000004
25854.75,26224.571699999993
25854.75,26174.0735
25854.75,26210.3404
25854.75,26204.415799999995
25854.75,26176.250000000004
25854.75,26193.961
25854.75,26205.962300000003
25854.75,26177.311499999993
25854.75,26171.057399999998
25854.75,26228.8938
25854.75,26208.1078
25854.75,26205.9086
25854.75,26223.022099999995
25854.75,26163.7435
25854.75,26193.4471
25854.75,26170.826499999996
25854.75,26184.4188
25854.75,26167.979300000003
25854.75,26180.934500000003
25854.75,26194.413399999998
25854.75,26213.2848
25854.75,26213.968100000006
25854.75,26198.3427
25854.75,26216.7956
25854.75,26176.344300000004
25854.75,26215.262199999997
25854.75,26173.0554
25854.75,26182.9412
25854.75,26222.0414
25854.75,26169.2292
25854.75,26222.382399999995
25854.75,26195.362699999998
25854.75,26203.5952
25854.75,26189.0949
25854.75,26185.8524
25854.75,26145.482200000002
25854.75,26178.083199999997
25854.75,26187.0663
25854.75,26206.321700000004
25854.75,26160.2491
25854.75,26164.506100000002
25854.75,26163.083000000006
25854.75,26168.433899999996
25854.75,26180.9151
25854.75,26203.597700000006
25854.75,26186.3899
25854.75,26191.761300000002
25854.75,26216.499999999993
25854.75,26205.9284
25854.75,26179.129800000002
25854.75,26198.475899999998
25854.75,26201.351499999997
25854.75,26174.682
25854.75,26188.7009
25854.75,26195.584999999995
25854.75,26186.523900000004
25854.75,26191.589899999995
25854.75,26198.4232
25854.75,26170.207699999995
25854.75,26227.3836
25854.75,26161.265099999997
25854.75,26183.4575
25854.75,26178.9961
25854.75,26161.953900000004
25854.75,26195.446699999997
25854.75,26182.2325
25854.75,26185.889600000002
25854.75,26193.1483
25854.75,26168.5254
25854.75,26200.451299999997
25854.75,26203.2156
25854.75,26207.266600000003
25854.75,26198.417499999996
25854.75,26201.7812
25854.75,26204.836700000003
25854.75,26211.850300000002
25854.75,26215.6995
25854.75,26197.928699999997
25854.75,26215.7511
25854.75,26225.542100000002
25854.75,26183.3728
25854.75,26168.3326
25854.75,26175.173000000003
25854.75,26205.401400000002
25854.75,26189.4561
25854.75,26206.180700000004
25854.75,26164.174600000002
25854.75,26139.0774
25854.75,26162.71
25854.75,26196.34960000001
25854.75,26179.2146
25854.75,26192.197600000003
25854.75,26209.4372
25854.75,26195.3649
25854.75,26178.008100000003
25854.75,26195.3513
25854.75,26192.1546
25854.75,26217.611000000004
25854.75,26156.7357
25854.75,26171.860599999996
25854.75,26169.306999999993
25854.75,26177.362100000006
25854.75,26174.6748
25854.75,26203.1846
25854.75,26204.0683
25854.75,26174.134899999997
25854.75,26194.0348
25854.75,26196.955700000002
25854.75,26185.452500000003
25854.75,26152.953999999998
25854.75,26200.843199999996
25854.75,26220.3577
25854.75,26189.834300000002
25854.75,26151.515399999997
25854.75,26187.802
25854.75,26203.495000000003
25854.75,26211.0084
25854.75,26189.363600000004
25854.75,26176.052499999998
25854.75,26175.6723
25854.75,26197.3893
25854.75,26176.5083
25854.75,26185.785800000005
25854.75,26188.081399999995
25854.75,26165.269600000003
25854.75,26222.787899999996
25854.75,26170.899599999997
25854.75,26230.089800000005
25854.75,26222.938700000006
25854.75,26187.8013
25854.75,26224.152500000004
25854.75,26228.6007
25854.75,26190.569199999998
25854.75,26146.3367
25854.75,26180.2356
25854.75,26187.1462
25854.75,26168.455
25854.75,26197.906199999998
25854.75,26164.397700000005
25854.75,26212.0547
25854.75,26211.581400000003
25854.75,26150.247299999995
25854.75,26196.327900000004
25854.75,26236.76099999999
25854.75,26192.383500000004
25854.75,26194.203
25854.75,26166.1347
25854.75,26205.757100000003
25854.75,26200.724
25854.75,26211.215599999996
25854.75,26183.422700000003
25854.75,26228.897399999998
25854.75,26204.5141
25854.75,26203.066199999994
25854.75,26166.0182
25854.75,26178.8445
25854.75,26178.2398
25854.75,26212.454399999995
25854.75,26178.177099999997
25854.75,26188.8522
25854.75,26169.1921
25854.75,26185.873600000003
25854.75,26197.7711
25854.75,26245.491900000005
25854.75,26180.607599999996
25854.75,26170.7561
25854.75,26213.619700000003
