BestFitnessMean,AverageFitnessMean
50802.05,87655.883
48408.5,82653.1454
45277.0,78824.8353
43149.45,75373.0717
41934.1,72582.53110000001
41034.65,70424.98
38520.5,68316.32759999999
37425.55,66451.8925
36301.6,64865.1172
35976.55,63485.59959999998
35366.75,62185.66769999999
34622.3,61010.34299999999
34449.45,59858.2365
34128.05,58793.42379999999
33895.8,58018.15989999999
33543.05,57197.73899999999
32949.1,56616.74789999998
32565.6,55993.40879999999
32432.05,55296.376000000004
32185.9,54705.47840000001
31979.45,54292.989100000006
31752.25,54173.7611
31588.9,54034.054399999986
31454.1,53846.06640000001
31238.05,53676.4608
31075.8,53470.2141
30896.7,52940.9184
30895.55,52667.245299999995
30827.55,52336.4887
30744.05,52023.6723
30583.6,51851.76920000001
30542.75,51587.09420000001
30529.95,51230.830700000006
30439.65,50995.7118
30396.1,50748.27420000001
30329.45,50528.599
30180.2,50594.4663
30039.75,50503.6497
29864.8,50407.319
29788.45,50387.6823
29701.85,50361.87569999999
29541.15,50373.0181
29316.75,50468.5469
29260.05,50341.5518
29256.0,50417.15259999999
29279.85,50334.2616
29159.95,50337.333399999996
29159.95,50500.64899999999
29109.6,50520.8857
29076.25,50517.84910000001
29076.25,50488.540799999995
29065.4,50511.75889999999
28887.1,50399.9114
28847.25,50203.3029
28841.85,50216.450899999996
28775.3,50065.431200000006
28717.2,50108.1482
28685.9,49863.720799999996
28685.9,49943.3968
28685.9,49881.39510000001
28677.3,49843.60459999999
28677.3,49853.827699999994
28677.3,49935.15140000001
28677.3,49850.6991
28545.6,49931.46
28545.6,49998.987400000005
28545.6,49944.83079999999
28443.05,49952.54530000001
28443.05,49897.924699999996
28400.25,50082.479799999994
28400.25,50028.893500000006
28396.55,49952.1259
28371.7,50045.6763
28366.45,49913.40209999999
28366.45,49798.1515
28366.45,49641.07100000001
28274.0,49432.49579999999
28218.3,49334.9628
28218.3,49373.2305
28210.8,49343.024
28167.35,49177.5629
28280.35,49067.98150000001
28233.0,48938.8768
28233.0,48906.7234
28181.35,49033.8461
28127.2,49158.64250000001
28061.8,49118.280999999995
28061.8,49321.63620000001
28061.75,49280.858799999995
28039.2,49532.8502
28039.2,49601.27279999999
28024.6,49536.371199999994
27982.25,49355.1479
27982.25,49317.09000000001
27977.1,49349.359399999994
27977.1,49395.65079999999
27958.55,49421.5142
27945.6,49546.9433
27945.6,49585.95340000001
27905.75,49569.648199999996
27891.95,49612.494600000005
27838.95,49484.1952
27838.8,49268.3303
27823.3,49142.1769
27823.3,48892.2768
27779.35,48656.8624
27779.35,48519.031299999995
27775.3,48328.036700000004
27711.0,48277.99450000001
27711.0,48156.3985
27708.7,48171.152
27705.65,48258.913
27692.85,48328.0688
27671.5,48372.992399999996
27670.65,48279.78169999999
27670.55,48404.96599999999
27643.05,48535.7616
27643.05,48681.999800000005
27634.8,48770.334500000004
27621.85,48844.1852
27621.85,49016.03690000001
27600.15,49122.79660000001
27583.65,48966.50480000001
27570.75,48846.58349999999
27561.05,48935.2373
27509.0,48686.6353
27506.35,48455.524300000005
27499.35,48184.287199999984
27481.65,48072.04090000001
27450.5,48020.169200000004
27435.75,47911.5842
27435.75,47785.792799999996
27428.1,47793.4102
27428.1,47811.64330000001
27373.1,47762.325399999994
27366.4,47669.7549
27366.4,47580.980200000005
27545.15,47587.970100000006
27542.45,47788.82260000001
27542.45,47748.25780000001
27542.45,47813.1472
27530.5,47979.961200000005
27530.5,48034.532000000014
27520.55,48104.57050000001
27418.0,48137.0728
27418.0,48247.047099999996
27416.6,48192.740699999995
27416.6,48312.725399999996
27415.95,48248.6539
27400.05,48062.26640000001
27400.05,47989.5469
27354.25,47872.570700000004
27334.75,47861.667
27333.9,47682.8564
27304.85,47533.06309999999
27304.0,47368.719699999994
27264.05,47366.087999999996
27232.15,47373.5494
27232.15,47567.137800000004
27187.0,47607.4411
27187.0,47927.531299999995
27187.0,48107.34329999999
27179.0,48189.65320000001
27179.0,48262.6474
27179.0,48304.0395
27151.95,48390.31330000001
27145.6,48261.7544
27342.05,48342.02630000001
27275.3,48425.3647
27196.45,48429.9321
27182.4,48673.803100000005
27182.4,48683.4354
27162.7,48563.68690000001
27162.7,48518.5969
27162.7,48509.12819999999
27155.85,48429.46920000001
27150.7,48326.0985
27147.8,48117.46829999999
27145.65,48074.40800000001
27133.45,47867.969699999994
27133.45,47658.88709999999
27142.55,47497.7475
27139.95,47607.10309999999
27128.85,47588.0062
27128.85,47559.7266
27128.85,47736.336899999995
27128.85,47800.1603
27128.85,47832.4454
27127.55,48036.6635
27125.0,47964.37980000001
27125.0,48036.9487
27104.15,48034.3646
27104.15,48100.967599999996
27102.6,48192.06750000001
27102.6,48336.8955
27102.6,48448.746100000004
27080.15,48320.960999999996
27076.05,48081.8752
27076.05,48127.72309999999
27064.95,47928.10600000001
27064.95,47881.12070000001
27039.7,47836.01980000001
27074.65,47718.79910000001
27067.5,47605.79400000001
26983.1,47709.6112
26977.85,47558.9891
26977.85,47596.0142
26964.3,47738.45709999999
26964.3,47855.1745
26964.3,47842.107599999996
26957.9,47867.6392
26951.7,47974.3742
26951.7,48045.793099999995
26951.7,48186.94000000001
26951.7,48233.7692
26947.9,48439.2289
26947.9,48272.6792
26947.9,48365.101200000005
26935.65,48289.480599999995
26933.15,48270.312300000005
26933.15,48033.245600000024
26933.15,48068.480800000005
26933.15,48309.4976
26933.15,48295.9928
26933.15,48290.390100000004
26933.15,48113.42399999999
27100.7,48040.6918
27100.7,48105.6028
27100.55,48156.2439
27035.45,48177.1921
27033.45,48272.3992
27033.45,48237.88770000001
27033.4,48151.928199999995
27033.4,48109.8171
27033.4,48289.337799999994
27018.8,48266.8862
27018.8,48327.576
27007.2,48108.62969999999
26996.45,48075.889899999995
26996.45,48181.5008
26977.6,48006.853800000004
26977.6,48002.3959
26977.6,47997.09430000001
26977.6,47972.09709999999
26958.3,47876.7425
26958.3,47872.1848
26958.3,47811.08010000001
26958.3,47785.11070000001
26958.3,47733.94580000001
26949.35,47771.534
26941.95,47772.742399999996
26941.95,47702.2937
26941.95,47510.039300000004
26934.3,47756.1938
26934.3,47796.0254
26934.3,47787.2233
26934.3,47695.41539999999
26934.3,47699.948899999996
26934.3,47615.10909999999
26934.1,47703.69810000001
26929.3,47621.981499999994
26919.45,47840.260899999994
26919.45,47994.894
26919.45,48088.724599999994
26919.45,48287.44240000001
26919.45,48241.8697
27045.95,47998.4069
26923.05,47887.3184
26907.6,47793.664800000006
26899.35,47555.5179
26899.35,47559.9405
26899.35,47507.319800000005
26899.35,47376.57239999999
26895.0,47339.9344
26895.0,47233.784
26894.85,47251.1092
26894.85,47257.9776
26894.85,47329.046500000004
26845.7,47529.06569999999
26845.7,47474.8439
26833.45,47481.17
26826.7,47451.4588
26794.35,47421.60280000001
26794.35,47637.8328
26794.35,47827.05309999999
26792.25,47797.8729
26788.45,47872.1206
26788.45,47931.81189999999
26784.65,47981.12209999999
26784.65,48002.1515
26784.65,47924.77079999999
26742.95,47992.23419999999
26742.95,47967.13019999999
26742.95,48040.74480000001
26742.95,47909.59640000001
26742.95,47902.37320000001
26742.95,47888.0487
26742.95,47806.26529999999
26742.95,47601.88389999999
26742.95,47514.768800000005
26740.7,47408.252100000005
26725.45,47364.5965
26725.45,47490.0451
26723.0,47631.2481
26723.0,47439.76370000001
26723.0,47428.6786
26723.0,47599.60719999999
26723.0,47485.840800000005
26723.0,47601.5201
26723.0,47592.514899999995
26713.3,47822.8857
26713.3,48022.9899
26713.3,47999.27219999999
26713.3,48112.9568
26713.3,48249.61260000001
26713.3,48199.44670000001
26713.3,48269.968499999995
26713.3,48413.2873
26713.3,48600.07670000001
26713.3,48381.74150000001
26713.3,48084.842899999996
26713.3,47920.24930000001
26713.3,47788.36759999999
26713.3,47677.553199999995
26723.45,47698.495299999995
26718.75,47570.7167
26718.75,47455.73460000001
26697.85,47343.99869999999
26678.15,47285.0389
26678.15,47140.50290000001
26665.9,47105.153399999996
26665.9,47132.7891
26665.9,47401.4563
26665.9,47286.1106
26665.9,47310.7691
26665.9,47433.5487
26665.9,47343.2599
26661.25,47460.2639
26661.25,47456.2547
26661.25,47245.9243
26661.25,47142.39289999999
26661.25,47075.3913
26654.6,47206.962400000004
26654.6,47399.144
26654.6,47618.169100000014
26654.6,47732.063799999996
26654.6,47847.582200000004
26641.75,47848.58090000001
26641.75,47742.125400000004
26627.45,47727.874299999996
26622.7,47712.33
26621.4,47650.7029
26621.4,47359.9647
26621.4,47448.81909999998
26621.4,47472.9647
26611.25,47658.82200000001
26611.25,47637.9897
26611.25,47679.6918
26611.25,47878.227699999996
26611.25,47744.37999999999
26611.25,47732.209800000004
26611.25,47675.03920000001
26597.6,47619.4822
26597.6,47462.765600000006
26592.35,47426.5022
26592.35,47579.851500000004
26592.35,47428.321
26592.35,47472.580799999996
26592.35,47512.5464
26589.3,47504.94929999999
26589.3,47341.2484
26589.3,47302.5829
26589.3,47380.42889999999
26589.3,47423.418600000005
26587.0,47299.3276
26587.0,47285.1552
26587.0,47200.75549999999
26587.0,47286.8185
26587.0,47251.0069
26587.0,47108.2352
26639.1,47019.524300000005
26603.0,46994.60960000001
26603.0,47140.2237
26603.0,47084.39950000001
26574.25,47210.20539999999
26572.1,47253.6437
26572.1,47117.62260000001
26572.1,47148.757699999995
26572.1,47261.421800000004
26572.1,47188.56629999999
26572.1,47145.4347
26572.1,47194.5934
26572.1,47170.57100000001
26566.85,47231.237700000005
26566.85,47183.1712
26566.85,47280.158299999996
26558.05,47013.88919999999
26558.05,47013.4987
26680.95,47036.8157
26680.95,47143.80070000001
26680.95,47205.933399999994
26670.4,46973.49830000001
26659.3,46794.452999999994
26659.3,46801.23160000001
26658.15,46823.73390000001
26658.15,46892.33420000001
26892.1,46986.3585
26892.1,46894.29950000001
26828.4,46897.8336
26828.4,46849.9437
26818.65,46818.842
26816.95,46701.7179
26790.1,46481.48150000001
26720.55,46311.2313
26690.0,46379.4464
26683.7,46567.051899999984
26679.35,46430.01410000001
26674.5,46463.1026
26674.5,46555.997
26654.65,46487.49699999999
26651.35,46401.6679
26553.4,46306.0424
26553.4,46246.778699999995
26532.9,46220.50709999999
26532.9,46169.6767
26532.9,46395.84969999999
26525.0,46409.21950000001
26525.0,46447.158299999996
26523.9,46593.620299999995
26523.9,46647.87659999999
26520.75,46705.101899999994
26507.45,46777.1089
26507.45,46800.656899999994
26507.45,46825.9006
26507.45,46833.740000000005
26501.5,46846.0994
26501.5,46913.9588
26501.5,46861.792199999996
26500.3,46851.615000000005
26534.95,46711.77980000001
26534.95,46574.748199999995
26534.95,46407.7023
26534.95,46136.48820000001
26532.65,46036.190500000004
26532.65,45929.3519
26532.65,45932.385700000006
26532.65,45985.383799999996
26502.7,45987.40380000001
26502.7,45982.292499999996
26489.45,45946.181
26489.45,45869.12819999999
26489.45,46087.53660000001
26489.45,46066.7049
26489.45,46075.477300000006
26489.45,46125.7908
26479.15,46245.46669999999
26469.15,46407.7846
26469.15,46448.4917
26469.15,46353.090299999996
26469.15,46476.6482
26469.15,46372.297300000006
26469.15,46296.9027
26467.8,46124.973699999995
26467.8,46172.2979
26467.8,45983.9376
26467.8,45878.140400000004
26462.45,45849.0898
26458.65,45961.902400000006
26458.65,45929.61329999999
26484.6,46014.990600000005
26484.6,46011.2464
26479.35,46031.82780000001
26472.6,46197.44550000001
26421.35,46508.7656
26421.35,46789.57660000001
26421.35,46786.423599999995
26421.35,46895.258100000014
26421.35,46864.31369999999
26421.35,46756.37099999999
26421.35,46618.8196
26420.35,46618.126200000006
26420.35,46568.2819
26420.35,46513.9792
26420.35,46681.86669999999
26420.35,46682.2665
26420.35,46553.23109999999
26420.35,46495.41950000001
26420.2,46521.93660000001
26412.05,46419.74879999999
26412.05,46451.18759999999
26412.05,46382.2474
26412.05,46343.6048
26409.1,46133.46569999999
26409.1,46304.82659999999
26409.1,46349.60729999999
26409.1,46247.99930000001
26409.1,46232.8637
26529.4,46486.49199999999
26529.4,46564.3962
26517.95,46586.7935
26517.95,46687.303100000005
26510.55,46891.046200000004
26500.5,46918.25570000001
26500.5,46858.3098
26500.5,46803.93960000001
26500.5,46732.96440000001
26500.5,46671.6327
26500.5,46505.1012
26500.5,46382.2715
26500.5,46412.8649
26500.5,46380.9565
26500.5,46357.63289999999
26495.3,46144.979199999994
26495.3,46256.5929
26495.3,46248.2613
26495.3,46177.4143
26495.3,46181.938799999996
26495.3,46063.1979
26495.3,46106.4726
26495.3,45991.908800000005
26495.3,45967.6615
26495.3,45994.38979999999
26491.4,46112.02570000001
26491.4,46158.755000000005
26491.4,46218.5558
26491.4,46461.077600000004
26491.4,46555.8406
26475.1,46804.0904
26475.1,46872.3939
26475.1,47034.2482
26475.1,46947.5131
26475.1,46940.926900000006
26475.1,46895.0926
26475.1,46837.3578
26470.85,46662.900400000006
26464.1,46535.7136
26464.1,46469.89330000001
26464.1,46270.2128
26464.1,46253.3982
26464.1,46131.604600000006
26464.1,46158.492300000005
26464.1,45894.5549
26462.15,45717.0095
26462.15,45663.11779999999
26462.15,45511.878600000004
26462.15,45479.245899999994
26462.15,45456.59360000001
26462.15,45589.92349999999
26462.15,45775.5446
26462.15,45878.048200000005
26462.15,46088.553499999995
26462.15,46196.7522
26462.15,46388.6616
26462.15,46442.5382
26462.15,46622.42160000001
26462.15,46497.62550000002
26458.0,46526.9249
26458.0,46492.19480000001
26458.0,46488.36260000001
26445.05,46352.3873
26412.1,46350.8748
26412.1,46137.648
26412.1,45953.93609999999
26499.15,45874.8456
26499.15,45612.972100000006
26499.15,45662.716499999995
26499.15,45575.7321
26499.15,45790.76589999999
26499.15,45883.5527
26499.15,45929.744699999996
26499.15,45895.5559
26499.15,45794.99070000001
26499.15,45881.707299999995
26499.15,45979.62410000001
26493.45,46050.289500000006
26493.45,46178.474300000016
26493.45,46319.7531
26493.45,46497.003800000006
26493.45,46535.1588
26493.45,46554.32400000001
26493.45,46402.8952
26493.45,46481.4686
26493.45,46588.2595
26493.45,46429.547399999996
26493.45,46287.0941
26493.45,46246.376200000006
26487.6,45980.43939999999
26487.6,45834.6666
26487.6,45628.2908
26487.6,45464.42420000001
26480.6,45510.5053
26480.6,45655.426900000006
26480.6,45654.345499999996
26480.6,45560.3754
26480.6,45473.375499999995
26480.6,45323.1654
26480.6,45466.3305
26480.6,45552.4329
26480.6,45665.7693
26480.6,45526.119
26480.6,45455.419700000006
26468.7,45608.06310000001
26468.7,45633.743
26468.7,45681.9217
26468.7,45801.641500000005
26460.9,45764.12920000001
26448.3,45859.03259999999
26462.9,45837.270300000004
26461.55,45742.5812
26461.55,45705.303
26461.55,45572.1605
26461.55,45408.2238
26459.65,45307.131700000005
26445.05,45223.414000000004
26445.05,45255.82910000001
26445.05,45144.07220000001
26445.05,45209.6012
26445.05,45144.03919999999
26445.05,45086.93320000001
26445.05,45189.172000000006
26445.05,45088.04729999999
26445.05,45140.82850000001
26445.05,45194.1439
26445.05,45116.2726
26445.05,45250.97540000001
26445.05,45238.1939
26475.8,45197.548599999995
26465.55,45220.31310000001
26465.55,45209.72870000001
26465.55,45164.12499999999
26460.55,45074.8211
26441.4,45213.01310000001
26441.4,45204.8453
26441.4,45376.4259
26395.25,45425.0419
26395.25,45529.941699999996
26395.25,45658.906500000005
26395.25,45555.03139999999
26395.25,45315.7379
26395.25,45367.73539999999
26395.25,45284.775
26395.25,45312.3264
26393.9,45399.748900000006
26393.9,45391.02960000001
26393.9,45313.58510000001
26380.6,45382.671500000004
26380.6,45365.3768
26380.6,45391.1645
26380.6,45498.321299999996
26380.6,45446.682400000005
26380.6,45290.429000000004
26380.6,45126.5005
26379.4,44945.453799999996
26354.2,44959.2051
26354.2,45051.2191
26343.1,45068.25219999999
26343.1,45135.87569999999
26343.1,45186.094399999994
26343.1,45123.936299999994
26343.1,45110.7279
26343.1,45196.381199999996
26339.3,45082.548599999995
26339.3,44996.1311
26339.3,45019.3828
26339.3,44987.191199999994
26339.3,44961.0136
26339.3,45003.33570000001
26339.3,44923.4556
26339.3,45000.704099999995
26339.3,45013.5799
26339.3,44981.821800000005
26334.3,44989.9531
26334.3,45019.8045
26334.3,45065.9396
26334.3,45002.96739999999
26334.3,44989.111600000004
26275.9,44873.11619999999
26275.9,44795.47439999999
26275.9,44712.134000000005
26275.9,44715.432400000005
26275.9,44704.1532
26275.9,44730.4237
26275.9,44780.77679999999
26275.9,44771.23210000001
26275.9,44763.616400000006
26275.9,44865.830700000006
26275.9,44910.602999999996
26275.9,44770.0351
26275.9,44795.3302
26275.9,44786.4569
26275.9,44742.7844
26267.25,44672.6582
26267.25,44695.767199999995
26255.7,44827.20649999999
26255.7,44922.990600000005
26255.7,44845.0799
26255.7,44929.769199999995
26255.7,45156.17420000001
26255.7,45186.660599999996
26255.7,45213.4672
26255.7,45382.4557
26248.6,45469.7021
26248.6,45546.93959999999
26248.6,45623.12189999999
26248.6,45629.051900000006
26248.6,45453.2804
26248.6,45339.7697
26248.6,45233.4054
26248.6,45339.660500000005
26248.6,45263.852999999996
26248.6,45267.2477
26248.6,45045.687999999995
26248.6,44912.48009999999
26235.65,44800.5317
26235.65,44768.41639999999
26235.65,44655.90580000001
26235.65,44628.191300000006
26235.65,44639.013
26228.9,44705.10710000001
26228.9,44743.918699999995
26228.9,44942.8331
26228.9,45111.509000000005
26227.55,45017.114400000006
26227.55,45068.17049999999
26227.55,45054.794299999994
26225.6,45174.04150000001
26225.6,45130.6433
26225.6,45093.68310000001
26225.6,45111.655300000006
26225.6,45113.19649999999
26225.6,45050.815299999995
26224.15,45111.43519999999
26224.15,45048.432499999995
26224.15,44965.028699999995
26224.15,44871.5435
26224.15,44772.8932
26224.15,44639.61379999999
26224.15,44594.783500000005
26224.15,44421.224
26224.15,44307.8247
26224.15,44306.290799999995
26206.65,44240.374099999986
26194.2,44194.577999999994
26194.2,44198.63200000001
26194.2,44232.1172
26193.35,44357.43459999999
26193.35,44347.56259999999
26193.35,44336.0459
26193.35,44557.077699999994
26293.15,44635.9593
26292.6,44553.5278
26292.6,44614.9068
26223.35,44515.305199999995
26223.35,44523.126599999996
26215.3,44404.81680000001
26215.3,44493.3598
26215.3,44648.447
26303.4,44720.7411
26303.4,44687.59619999999
26303.4,44589.201799999995
26296.75,44516.36489999999
26296.75,44607.9769
26296.75,44753.5639
26296.6,44725.6723
26292.8,44720.7295
26307.4,44717.100099999996
26307.4,44627.676699999996
26306.9,44517.21
26306.9,44456.34349999999
26306.9,44395.00600000001
26306.9,44447.6727
26306.9,44284.813899999994
26296.1,44166.9129
26296.1,44082.5739
26296.1,43961.50540000001
26296.1,44008.18110000001
26296.1,44077.2908
26281.5,44096.5644
26281.5,44010.4967
26281.5,44035.2393
26281.5,43899.0108
26281.5,43929.436
26281.5,43976.201400000005
26269.4,43947.93089999999
26269.4,43937.51520000001
26269.4,44084.871300000006
26269.4,44077.634999999995
26266.55,44225.429
26266.55,44310.81219999999
26266.55,44297.9853
26248.8,44273.8887
26248.8,44303.6547
26248.8,44460.2679
26248.8,44487.593199999996
26248.8,44393.26710000001
26248.8,44443.0101
26248.8,44506.960199999994
26248.8,44419.037999999986
26248.8,44432.726
26248.8,44292.34300000001
26248.8,44126.71079999999
26248.8,43987.345400000006
26248.8,43798.7197
26248.8,43738.6132
26248.8,43656.5111
26319.1,43470.3636
26319.1,43562.894199999995
26319.1,43429.47309999999
26319.1,43474.777500000004
26319.1,43469.4482
26319.1,43378.8104
26319.1,43462.32909999999
26319.1,43370.0105
26319.1,43514.79519999999
26319.1,43646.66929999999
26252.3,43544.7052
26249.85,43501.570499999994
26249.85,43370.1782
26249.85,43291.7136
26249.85,43468.141200000005
26249.85,43586.6421
26249.85,43682.398499999996
26249.85,43589.84
26249.85,43585.59419999999
26249.85,43324.9014
26249.85,43495.26349999999
26249.85,43408.900400000006
26249.85,43306.8432
26242.1,43470.192899999995
26242.1,43281.754
26242.1,43373.56120000001
26242.1,43281.082399999985
26242.1,43210.2071
26242.1,43055.023100000006
26242.1,43089.4703
26242.1,42985.3912
26202.25,42771.0436
26202.25,42657.8357
26190.95,42641.55959999999
26189.35,42614.8765
26189.35,42532.621
26189.35,42463.6836
26189.35,42519.6878
26189.35,42659.7773
26189.35,42617.9516
26189.35,42681.462799999994
26189.35,42803.3675
26189.35,42987.7528
26189.35,42956.1468
26189.35,43090.8861
26189.35,42976.52979999999
26187.6,42951.7237
26186.0,42850.12980000001
26203.55,42895.462400000004
26203.55,42878.3765
26203.55,42718.9814
26203.55,42614.761099999996
26203.55,42385.55059999999
26203.55,42299.38740000001
26203.4,42119.9419
26203.4,42172.6336
26203.4,41908.7522
26203.4,41788.6098
26203.4,41653.921800000004
26203.4,41663.646400000005
26203.4,41742.688500000004
26203.4,41746.623999999996
26203.4,41731.04839999999
26203.4,41842.0275
26203.4,41894.8489
26199.25,41971.05320000001
26199.25,42013.3679
26199.25,42093.975999999995
26199.25,42076.9056
26199.25,42119.27189999999
26199.25,42224.596900000004
26199.25,42370.368299999995
26199.25,42487.20219999999
26199.25,42609.9095
26199.25,42584.75320000001
26199.25,42510.10349999999
26199.25,42462.626299999996
26199.25,42556.9023
26197.95,42317.223000000005
26197.95,42156.59739999999
26209.85,42011.595199999996
26209.85,41905.659999999996
26209.85,41727.25610000001
26197.95,41655.8968
26194.05,41655.7794
26194.05,41781.019599999985
26186.55,41762.3868
26186.55,41728.009000000005
26182.3,41583.18020000001
26182.3,41511.666300000004
26182.3,41422.2823
26182.3,41454.7497
26182.3,41540.312099999996
26182.3,41655.1909
26182.3,41911.04150000001
26182.3,42075.6596
26182.3,42170.8916
26182.3,42318.85779999999
26182.3,42179.2736
26182.3,42133.2183
26182.3,42313.1713
26182.3,42541.585699999996
26182.3,42486.0804
26176.0,42318.34980000001
26176.0,42127.12679999999
26176.0,41964.063299999994
26171.7,41881.1726
26171.7,41721.150200000004
26171.7,41778.68429999999
26171.7,41706.6454
26171.5,41608.601
26171.5,41457.29050000001
26171.5,41384.482200000006
26171.5,41239.0773
26171.5,41185.688200000004
26171.5,41085.4777
26171.5,41049.24199999999
26171.5,41156.433800000006
26171.5,41264.0127
26171.5,41211.428499999995
26171.35,41131.4529
26171.35,41373.068600000006
26171.3,41438.1451
26171.3,41587.9477
26171.3,41604.032
26171.3,41682.845199999996
26171.3,41807.975600000005
26171.3,41949.5978
26171.3,41983.507
26171.3,41847.23589999999
26171.3,41761.6129
26171.3,41892.927500000005
26175.6,42038.3755
26175.6,41849.46620000001
26175.6,41800.54489999999
26175.6,41647.016599999995
26175.6,41731.754199999996
26175.6,41643.945999999996
26175.6,41515.51860000001
26175.6,41358.50750000001
26175.6,41143.303199999995
26175.6,40990.17990000001
26175.6,40822.4659
26175.6,40836.0931
26175.6,40734.98459999999
26171.85,40743.42219999999
26169.5,40660.34749999999
26169.5,40576.18459999999
26169.5,40590.5286
26169.5,40745.42450000001
26169.5,40740.67450000001
26169.5,40732.630000000005
26169.5,40884.4494
26169.5,40890.9251
26169.5,40903.893000000004
26169.5,40957.5163
26169.5,40992.99
26169.5,41038.69609999999
26169.5,41089.3737
26169.5,41093.617900000005
26166.85,41109.215299999996
26166.85,41070.58159999999
26166.85,41046.84440000001
26166.85,40961.1222
26166.85,40970.1026
26166.7,40971.4717
26166.7,40833.38489999999
26166.7,40662.9968
26166.7,40777.323300000004
26148.6,40801.9432
26148.6,40652.379700000005
26148.6,40573.877
26148.6,40656.4542
26148.45,40767.8538
26148.45,40850.467
26148.45,40666.02070000001
26144.15,40669.50869999999
26144.15,40785.5839
26144.15,40672.33609999999
26144.15,40396.896400000005
26144.15,40431.254499999995
26144.15,40410.3943
26144.15,40300.49889999999
26144.15,40485.03369999999
26144.15,40518.989
26144.15,40617.76449999999
26142.7,40566.13850000001
26142.7,40597.7248
26142.7,40604.74029999999
26142.7,40511.343799999995
26142.7,40453.53600000001
26142.7,40332.0385
26142.7,40216.5897
26142.7,40239.92479999999
26142.7,40233.12389999999
