BestFitnessMean,AverageFitnessMean
52180.7,87405.52200000001
45574.1,77738.80840000002
42011.2,70089.5462
39332.55,64313.49369999999
37486.55,59368.597499999996
35465.65,54980.9968
33741.15,51242.4601
32871.8,48461.5763
32010.4,46603.93049999998
31279.2,45151.0833
30523.75,43803.72350000001
29772.1,42719.72670000001
29446.3,41368.2407
28865.75,40377.760599999994
28372.95,39385.7971
28066.5,38528.492900000005
27791.4,37776.11919999999
27643.9,37011.42399999999
27322.95,36340.343199999996
27057.95,35564.76360000001
26952.5,35029.7052
26774.7,34382.047900000005
26650.0,33775.706699999995
26591.75,33208.39339999999
26471.3,32579.950399999994
26417.4,32038.9812
26346.9,31541.0645
26259.8,31154.829700000002
26234.4,30733.076699999998
26202.4,30381.846800000007
26186.35,29805.3767
26139.2,29419.429599999996
26089.3,29145.692399999993
26057.6,28735.545799999993
26051.55,28743.3215
26020.8,28567.683899999996
25991.75,28469.896999999997
25952.95,28330.231699999997
25941.6,28201.224800000004
25927.45,28059.056700000005
25921.5,27959.028099999996
25911.55,27975.045100000007
25889.25,27719.692000000003
25889.25,27461.059799999995
25889.2,27234.619599999998
25875.45,27047.645299999996
25871.15,26938.383899999997
25866.9,26896.0645
25866.9,26749.156400000007
25866.9,26767.947600000003
25866.85,26669.9542
25856.95,26792.441099999996
25856.95,26804.13360000001
25853.2,26802.4471
25853.05,26776.405399999996
25853.05,26857.999499999998
25853.05,26964.5427
25853.05,26969.1647
25853.05,26813.782399999996
25853.05,26745.2825
25853.05,26597.584899999998
25853.05,26593.157400000004
25853.05,26523.432099999998
25853.05,26459.604700000004
25853.05,26436.1409
25853.05,26476.3869
25853.05,26480.002599999996
25853.05,26443.5452
25853.05,26433.991100000003
25853.05,26457.1046
25848.75,26380.704100000003
25848.75,26341.490100000003
25848.75,26332.4271
25848.75,26362.8376
25848.75,26310.6493
25848.75,26293.397500000003
25848.75,26339.156299999995
25848.75,26310.79
25848.75,26277.0858
25848.75,26295.1849
25848.75,26263.364800000003
25848.75,26219.723599999998
25848.75,26172.907
25848.75,26199.7703
25848.75,26138.282100000004
25848.75,26158.334399999996
25848.75,26161.529199999997
25848.75,26186.561200000004
25848.75,26152.908399999993
25848.75,26158.2912
25848.75,26194.388499999994
25848.75,26155.7765
25848.75,26229.6418
25848.75,26181.3226
25848.75,26190.1982
25848.75,26143.901600000005
25848.75,26197.416400000002
25848.75,26187.951699999998
25848.75,26153.870300000002
25848.75,26140.167299999994
25848.75,26162.9928
25848.75,26184.7751
25848.75,26147.2351
25848.75,26180.968700000005
25848.75,26162.515399999997
25848.75,26171.6572
25848.75,26154.627400000005
25848.75,26172.850899999998
25848.75,26198.428599999996
25848.75,26123.1935
25848.75,26168.1174
25848.75,26161.665500000003
25848.75,26164.829400000002
25848.75,26194.567500000005
25848.75,26172.5283
25848.75,26137.2175
25848.75,26164.4091
25848.75,26150.7221
25848.75,26193.438199999997
25848.75,26142.257400000002
25848.75,26177.3035
25848.75,26167.286
25848.75,26178.4906
25848.75,26186.483399999994
25848.75,26207.1215
25848.75,26170.3751
25848.75,26192.8434
25848.75,26172.6309
25848.75,26162.894500000002
25848.75,26138.6795
25848.75,26212.799099999997
25848.75,26142.4824
25848.75,26157.058500000006
25848.75,26182.1794
25848.75,26176.548099999996
25848.75,26142.129699999998
25848.75,26173.721400000002
25848.75,26132.453200000004
25848.75,26179.480700000004
25848.75,26201.786300000003
25848.75,26188.831199999997
25848.75,26202.3886
25848.75,26180.471199999996
25848.75,26185.5343
25848.75,26156.267099999997
25848.75,26182.0323
25848.75,26201.673399999996
25848.75,26237.6262
25848.75,26168.778800000004
25848.75,26164.1079
25848.75,26175.3064
25848.75,26202.0976
25848.75,26146.587699999996
25848.75,26202.4522
25848.75,26160.477099999996
25848.75,26186.8958
25848.75,26159.9705
25848.75,26147.380900000004
25848.75,26168.494200000005
25848.75,26132.7507
25848.75,26168.343699999998
25848.75,26145.027100000003
25848.75,26162.7541
25848.75,26172.3501
25848.75,26153.9907
25848.75,26153.7657
25848.75,26177.0224
25848.75,26173.918700000002
25848.75,26153.335700000003
25848.75,26151.4775
25848.75,26202.072399999997
25848.75,26168.272100000002
25848.75,26125.5393
25848.75,26179.840499999995
25848.75,26128.803600000003
25848.75,26185.069000000003
25848.75,26175.1879
25848.75,26187.641599999995
25848.75,26222.094
25848.75,26173.0909
25848.75,26184.548300000002
25848.75,26175.7987
25848.75,26173.570099999997
25848.75,26169.4211
25848.75,26192.3433
25848.75,26192.491100000007
25848.75,26148.971500000007
25848.75,26159.120699999996
25848.75,26180.119700000003
25848.75,26192.704699999995
25848.75,26196.202300000004
25848.75,26181.4912
25848.75,26193.7917
25848.75,26217.316900000005
25848.75,26197.6299
25848.75,26143.4346
25848.75,26180.4036
25848.75,26172.8323
25848.75,26176.152400000003
25848.75,26173.596700000002
25848.75,26193.9123
25848.75,26187.0093
25848.75,26173.798500000004
25848.75,26168.345299999997
25848.75,26174.787699999997
25848.75,26140.2471
25848.75,26182.648500000003
25848.75,26165.631599999997
25848.75,26147.0291
25848.75,26207.980699999996
25848.75,26184.998600000003
25848.75,26162.392500000005
25848.75,26159.125499999995
25848.75,26140.619499999993
25848.75,26183.0999
25848.75,26168.4599
25848.75,26170.5066
25848.75,26195.1277
25848.75,26161.816000000006
25848.75,26165.007999999998
25848.75,26170.281000000003
25848.75,26105.0912
25848.75,26172.968
25848.75,26143.5762
25848.75,26168.5369
25848.75,26156.489100000003
25848.75,26221.579299999994
25848.75,26127.8975
25848.75,26185.5591
25848.75,26144.572699999997
25848.75,26164.541899999993
25848.75,26178.358
25848.75,26164.891299999996
25848.75,26155.421000000006
25848.75,26186.8282
25848.75,26156.2812
25848.75,26187.413099999998
25848.75,26156.158899999995
25848.75,26190.726899999998
25848.75,26141.098700000002
25848.75,26167.127
25848.75,26165.7145
25848.75,26175.2493
25848.75,26164.091800000002
25848.75,26209.055299999996
25848.75,26177.2364
25848.75,26169.984199999995
25848.75,26174.705399999995
25848.75,26167.036099999998
25848.75,26179.090200000006
25848.75,26181.483200000002
25848.75,26163.732
25848.75,26161.190599999994
25848.75,26178.6017
25848.75,26177.6098
25848.75,26176.3924
25848.75,26215.0363
25848.75,26185.9308
25848.75,26141.293499999992
25848.75,26147.0005
25848.75,26177.1322
25848.75,26171.307800000002
25848.75,26153.388099999996
25848.75,26200.241100000003
25848.75,26165.488699999998
25848.75,26179.786200000002
25848.75,26184.874600000003
25848.75,26176.883899999993
25848.75,26139.537000000004
25848.75,26189.234900000003
25848.75,26144.041999999994
25848.75,26158.194199999998
25848.75,26209.865299999998
25848.75,26141.2289
25848.75,26163.906499999994
25848.75,26164.3782
25848.75,26152.9242
25848.75,26191.9202
25848.75,26210.1773
25848.75,26166.947999999997
25848.75,26159.9233
25848.75,26185.180899999996
25848.75,26185.985500000003
25848.75,26175.921199999993
25848.75,26151.880600000008
25848.75,26166.742300000005
25848.75,26185.257499999996
25848.75,26151.256200000003
25848.75,26194.2628
25848.75,26177.3399
25848.75,26152.081299999998
25848.75,26153.619499999997
25848.75,26186.663200000003
25848.75,26150.3671
25848.75,26154.577500000003
25848.75,26164.370499999997
25848.75,26156.131699999998
25848.75,26164.854100000004
25848.75,26187.7523
25848.75,26124.436700000002
25848.75,26185.0547
25848.75,26164.9517
25848.75,26166.075999999994
25848.75,26180.0115
25848.75,26172.2941
25848.75,26155.775199999996
25848.75,26184.7854
25848.75,26176.9027
25848.75,26172.2369
25848.75,26161.898800000003
25848.75,26131.223999999995
25848.75,26203.148900000004
25848.75,26146.288399999998
25848.75,26165.440200000005
25848.75,26145.744099999996
25848.75,26173.453899999997
25848.75,26198.7655
25848.75,26151.660799999998
25848.75,26190.906800000004
25848.75,26177.612799999995
25848.75,26190.049
25848.75,26147.465999999993
25848.75,26162.591200000003
25848.75,26193.844699999998
25848.75,26140.4631
25848.75,26139.780000000006
25848.75,26179.329599999997
25848.75,26200.381399999995
25848.75,26153.739900000004
25848.75,26164.107200000002
25848.75,26202.5698
25848.75,26155.2799
25848.75,26140.990100000003
25848.75,26181.385400000003
25848.75,26164.68379999999
25848.75,26180.075599999993
25848.75,26194.2199
25848.75,26176.7756
25848.75,26129.641600000003
25848.75,26117.430499999995
25848.75,26172.185999999998
25848.75,26196.707799999996
25848.75,26157.470500000003
25848.75,26118.3413
25848.75,26139.986999999997
25848.75,26178.2954
25848.75,26136.4382
25848.75,26191.661099999998
25848.75,26186.915699999994
25848.75,26178.4038
25848.75,26210.293100000003
25848.75,26203.534599999995
25848.75,26157.1879
25848.75,26150.7476
25848.75,26165.888
25848.75,26162.622599999995
25848.75,26186.265999999996
25848.75,26149.279799999997
25848.75,26198.2818
25848.75,26154.1813
25848.75,26153.6195
25848.75,26182.972
25848.75,26189.6612
25848.75,26185.2246
25848.75,26183.864
25848.75,26169.9841
25848.75,26162.9122
25848.75,26177.779199999997
25848.75,26142.292800000003
25848.75,26198.8194
25848.75,26175.4556
25848.75,26144.806099999998
25848.75,26190.9609
25848.75,26169.035
25848.75,26168.5502
25848.75,26160.937400000003
25848.75,26196.6574
25848.75,26165.878300000004
25848.75,26200.8166
25848.75,26197.6154
25848.75,26141.679799999998
25848.75,26171.7612
25848.75,26181.1885
25848.75,26200.7703
25848.75,26162.449200000003
25848.75,26187.770300000004
25848.75,26164.1357
25848.75,26205.4707
25848.75,26192.4891
25848.75,26154.022099999995
25848.75,26160.9356
25848.75,26184.6758
25848.75,26162.4306
25848.75,26150.8536
25848.75,26130.634000000002
25848.75,26179.7807
25848.75,26150.6891
25848.75,26159.645800000002
25848.75,26149.3197
25848.75,26134.366400000003
25848.75,26119.6356
25848.75,26141.5666
25848.75,26194.275499999996
25848.75,26182.991800000007
25848.75,26150.4431
25848.75,26163.0098
25848.75,26209.8445
25848.75,26163.952299999997
25848.75,26221.256
25848.75,26129.9336
25848.75,26127.7279
25848.75,26140.805
25848.75,26154.990599999997
25848.75,26236.2233
25848.75,26199.900499999996
25848.75,26127.455900000004
25848.75,26156.752599999996
25848.75,26150.949099999998
25848.75,26181.7125
25848.75,26185.2784
25848.75,26156.8303
25848.75,26154.063100000003
25848.75,26149.106300000003
25848.75,26197.441999999995
25848.75,26181.804299999996
25848.75,26199.573399999997
25848.75,26166.726300000002
25848.75,26160.6304
25848.75,26164.0921
25848.75,26189.9466
25848.75,26175.863699999998
25848.75,26183.2498
25848.75,26150.610699999997
25848.75,26219.4659
25848.75,26210.285799999998
25848.75,26200.748
25848.75,26142.5841
25848.75,26224.928000000004
25848.75,26195.1032
25848.75,26166.1458
25848.75,26179.3537
25848.75,26143.411
25848.75,26160.597999999998
25848.75,26178.8007
25848.75,26137.4891
25848.75,26140.369599999998
25848.75,26182.007500000003
25848.75,26156.5299
25848.75,26183.1615
25848.75,26170.532199999998
25848.75,26183.129899999993
25848.75,26191.502199999995
25848.75,26195.9086
25848.75,26197.574900000007
25848.75,26174.5364
25848.75,26171.3858
25848.75,26158.318600000002
25848.75,26139.9228
25848.75,26221.020300000004
25848.75,26190.193199999998
25848.75,26161.0836
25848.75,26200.16210000001
25848.75,26170.8835
25848.75,26152.2704
25848.75,26155.576100000002
25848.75,26178.737199999996
25848.75,26153.896500000003
25848.75,26186.7795
25848.75,26142.8666
25848.75,26165.322099999998
25848.75,26178.202300000004
25848.75,26191.54829999999
25848.75,26207.787
25848.75,26191.7952
25848.75,26195.745600000002
25848.75,26141.427600000003
25848.75,26200.2392
25848.75,26154.9398
25848.75,26158.9353
25848.75,26131.653299999998
25848.75,26178.939399999996
25848.75,26180.739800000003
25848.75,26196.8901
25848.75,26163.284400000004
25848.75,26192.075600000004
25848.75,26187.2287
25848.75,26147.3497
25848.75,26152.510999999995
25848.75,26182.678999999996
25848.75,26191.697500000002
25848.75,26168.1573
25848.75,26162.0065
25848.75,26173.763400000003
25848.75,26165.283900000002
25848.75,26163.9753
25848.75,26150.884400000003
25848.75,26194.9657
25848.75,26190.013700000003
25848.75,26211.109800000002
25848.75,26155.092299999997
25848.75,26159.638199999998
25848.75,26176.7627
25848.75,26145.5411
25848.75,26176.2345
25848.75,26151.0185
25848.75,26186.056699999997
25848.75,26169.318699999996
25848.75,26145.799399999996
25848.75,26155.0078
25848.75,26172.397100000002
25848.75,26191.3522
25848.75,26186.549800000004
25848.75,26199.572200000002
25848.75,26193.6904
25848.75,26182.5287
25848.75,26190.986299999997
25848.75,26168.2041
25848.75,26161.7464
25848.75,26142.288200000003
25848.75,26191.076299999997
25848.75,26154.642099999997
25848.75,26161.773299999993
25848.75,26165.198200000003
25848.75,26152.227300000002
25848.75,26178.531499999997
25848.75,26189.1614
25848.75,26166.3344
25848.75,26176.018899999992
25848.75,26132.604100000004
25848.75,26189.118299999995
25848.75,26164.9711
25848.75,26203.533199999998
25848.75,26153.446699999997
25848.75,26155.1328
25848.75,26203.825899999996
25848.75,26150.7419
25848.75,26180.3825
25848.75,26178.690800000004
25848.75,26184.6953
25848.75,26198.1653
25848.75,26178.672800000004
25848.75,26151.906899999994
25848.75,26178.734699999997
25848.75,26156.5951
25848.75,26154.414799999995
25848.75,26174.0347
25848.75,26156.692600000002
25848.75,26172.1304
25848.75,26171.278400000003
25848.75,26186.488300000005
25848.75,26169.334799999997
25848.75,26172.9048
25848.75,26178.721500000003
25848.75,26142.2174
25848.75,26153.779299999995
25848.75,26156.932099999998
25848.75,26192.7713
25848.75,26174.513799999997
25848.75,26138.8681
25848.75,26153.2614
25848.75,26223.896499999995
25848.75,26183.0582
25848.75,26192.585799999997
25848.75,26164.5934
25848.75,26166.2272
25848.75,26162.944099999997
25848.75,26161.669299999998
25848.75,26122.922599999998
25848.75,26163.834899999998
25848.75,26174.734299999996
25848.75,26188.432200000003
25848.75,26147.698300000004
25848.75,26154.2907
25848.75,26176.386199999997
25848.75,26180.562699999995
25848.75,26164.8407
25848.75,26142.160799999998
25848.75,26195.886699999995
25848.75,26184.5041
25848.75,26162.095899999997
25848.75,26184.5705
25848.75,26157.6509
25848.75,26187.441800000004
25848.75,26175.294
25848.75,26148.498
25848.75,26146.923300000002
25848.75,26174.973499999996
25848.75,26177.768399999997
25848.75,26150.926799999994
25848.75,26185.432900000003
25848.75,26173.070499999998
25848.75,26155.414800000002
25848.75,26146.805099999994
25848.75,26160.067100000004
25848.75,26168.0433
25848.75,26157.372299999995
25848.75,26137.935699999995
25848.75,26198.128100000005
25848.75,26187.415999999997
25848.75,26172.340500000002
25848.75,26145.3914
25848.75,26195.523800000003
25848.75,26186.125300000003
25848.75,26180.3254
25848.75,26178.3707
25848.75,26155.294700000002
25848.75,26163.024100000002
25848.75,26185.267899999995
25848.75,26192.6141
25848.75,26179.8468
25848.75,26172.0924
25848.75,26162.6574
25848.75,26193.9588
25848.75,26123.076
25848.75,26198.477399999996
25848.75,26166.888200000005
25848.75,26179.312400000003
25848.75,26176.6524
25848.75,26163.9257
25848.75,26155.590900000003
25848.75,26150.328200000007
25848.75,26168.238299999997
25848.75,26163.975999999995
25848.75,26163.570899999995
25848.75,26196.316499999997
25848.75,26190.86
25848.75,26182.505999999998
25848.75,26200.759400000003
25848.75,26166.232000000004
25848.75,26180.09
25848.75,26187.6426
25848.75,26170.559500000007
25848.75,26152.420000000002
25848.75,26170.1497
25848.75,26140.337399999997
25848.75,26167.0586
25848.75,26170.4949
25848.75,26161.008099999995
25848.75,26182.148999999998
25848.75,26153.331
25848.75,26175.9547
25848.75,26136.849700000002
25848.75,26174.1207
25848.75,26149.849599999998
25848.75,26184.662899999996
25848.75,26194.3801
25848.75,26141.3875
25848.75,26148.452900000008
25848.75,26180.540599999997
25848.75,26184.567600000002
25848.75,26184.1737
25848.75,26135.8424
25848.75,26185.716999999997
25848.75,26151.039900000003
25848.75,26187.1462
25848.75,26151.089699999997
25848.75,26160.903200000004
25848.75,26131.649999999998
25848.75,26179.5746
25848.75,26191.642300000003
25848.75,26154.6181
25848.75,26126.4133
25848.75,26141.497300000006
25848.75,26163.453199999996
25848.75,26170.007000000005
25848.75,26165.024699999998
25848.75,26159.446000000004
25848.75,26181.34
25848.75,26170.941199999997
25848.75,26138.1243
25848.75,26195.6467
25848.75,26154.859600000003
25848.75,26166.8192
25848.75,26155.8952
25848.75,26177.322899999996
25848.75,26132.409999999996
25848.75,26205.325000000004
25848.75,26161.885499999997
25848.75,26161.955699999995
25848.75,26140.883400000006
25848.75,26147.962000000003
25848.75,26156.3558
25848.75,26162.6322
25848.75,26172.1632
25848.75,26170.9576
25848.75,26189.7658
25848.75,26151.0677
25848.75,26209.547899999998
25848.75,26183.856400000004
25848.75,26167.959600000002
25848.75,26146.241299999994
25848.75,26161.477100000004
25848.75,26158.5584
25848.75,26183.060200000004
25848.75,26190.948399999997
25848.75,26153.6328
25848.75,26207.363500000003
25848.75,26168.851700000003
25848.75,26184.5473
25848.75,26156.725300000002
25848.75,26165.78740000001
25848.75,26153.840799999998
25848.75,26149.2114
25848.75,26194.8122
25848.75,26206.996299999995
25848.75,26186.3673
25848.75,26185.897200000003
25848.75,26148.2991
25848.75,26127.885499999997
25848.75,26191.686
25848.75,26160.1861
25848.75,26141.344
25848.75,26178.7815
25848.75,26175.2208
25848.75,26147.5387
25848.75,26177.6966
25848.75,26177.236699999998
25848.75,26160.183399999998
25848.75,26182.485300000004
25848.75,26158.8528
25848.75,26184.6318
25848.75,26175.0289
25848.75,26157.814400000003
25848.75,26173.181099999994
25848.75,26173.5149
25848.75,26177.442900000002
25848.75,26156.748900000002
25848.75,26165.8735
25848.75,26177.1506
25848.75,26122.1253
25848.75,26157.242999999995
25848.75,26176.064800000007
25848.75,26194.236400000005
25848.75,26173.593700000005
25848.75,26196.139899999995
25848.75,26178.4838
25848.75,26167.3203
25848.75,26166.803099999997
25848.75,26235.429799999994
25848.75,26169.292200000004
25848.75,26179.449299999997
25848.75,26179.199
25848.75,26167.6108
25848.75,26206.371900000002
25848.75,26163.300400000007
25848.75,26146.942
25848.75,26196.3988
25848.75,26137.572399999997
25848.75,26175.0513
25848.75,26169.744599999998
25848.75,26180.912899999996
25848.75,26199.222700000002
25848.75,26211.8318
25848.75,26174.530899999998
25848.75,26174.936999999998
25848.75,26154.155000000002
25848.75,26179.319000000003
25848.75,26159.6515
25848.75,26157.533499999998
25848.75,26159.225199999997
25848.75,26180.151400000002
25848.75,26166.0332
25848.75,26105.39
25848.75,26161.428300000003
25848.75,26195.487
25848.75,26152.201200000003
25848.75,26205.969299999997
25848.75,26187.76880000001
25848.75,26160.987
25848.75,26184.6854
25848.75,26158.406300000002
25848.75,26135.918199999996
25848.75,26174.330300000005
25848.75,26195.7769
25848.75,26180.007599999997
25848.75,26160.9684
25848.75,26133.790999999997
25848.75,26163.853399999996
25848.75,26223.657900000002
25848.75,26161.4077
25848.75,26161.650499999996
25848.75,26179.126200000002
25848.75,26168.561900000008
25848.75,26206.8812
25848.75,26156.964
25848.75,26199.072699999997
25848.75,26182.897800000002
25848.75,26181.9502
25848.75,26148.282700000003
25848.75,26184.6303
25848.75,26160.6128
25848.75,26180.2874
25848.75,26178.268499999995
25848.75,26175.200399999998
25848.75,26159.4388
25848.75,26162.3804
25848.75,26163.963200000006
25848.75,26196.3512
25848.75,26205.231200000002
25848.75,26175.9821
25848.75,26152.5409
25848.75,26172.5754
25848.75,26142.760700000003
25848.75,26162.493199999997
25848.75,26144.5971
25848.75,26172.814799999996
25848.75,26173.9189
25848.75,26170.1994
25848.75,26142.249700000004
25848.75,26148.355
25848.75,26193.4644
25848.75,26190.477600000002
25848.75,26189.630800000003
25848.75,26165.5473
25848.75,26164.0976
25848.75,26169.602600000006
25848.75,26183.856799999994
25848.75,26145.657800000004
25848.75,26166.1871
25848.75,26190.302799999998
25848.75,26201.266099999993
25848.75,26140.6051
25848.75,26194.582300000002
25848.75,26180.4466
25848.75,26167.6867
25848.75,26189.1986
25848.75,26163.578800000003
25848.75,26148.2027
25848.75,26139.4977
25848.75,26178.0467
25848.75,26165.219900000004
25848.75,26150.704700000002
25848.75,26223.186399999995
25848.75,26147.4636
25848.75,26201.3905
25848.75,26192.6645
25848.75,26153.920299999994
25848.75,26206.451299999993
25848.75,26180.972100000006
25848.75,26155.495300000002
25848.75,26180.5412
25848.75,26227.2059
25848.75,26150.265499999998
25848.75,26173.2676
25848.75,26194.873300000007
25848.75,26174.629900000004
25848.75,26147.749799999998
25848.75,26168.7032
25848.75,26160.931300000004
25848.75,26178.618800000004
25848.75,26193.776
25848.75,26162.454999999998
25848.75,26194.5062
25848.75,26204.742599999994
25848.75,26187.1586
25848.75,26184.5302
25848.75,26186.410599999996
25848.75,26182.180800000002
25848.75,26169.937999999995
25848.75,26159.0165
25848.75,26179.854499999998
25848.75,26167.973700000002
25848.75,26167.160599999996
25848.75,26178.6645
25848.75,26183.092299999997
25848.75,26168.093999999997
25848.75,26138.275299999994
25848.75,26168.5852
25848.75,26183.7707
25848.75,26175.8989
25848.75,26174.611199999996
25848.75,26168.5895
25848.75,26158.048799999997
25848.75,26179.7054
25848.75,26140.8745
25848.75,26164.135399999996
25848.75,26183.259700000002
25848.75,26181.213900000006
25848.75,26182.4219
25848.75,26167.922199999997
25848.75,26194.0965
25848.75,26173.461600000002
25848.75,26142.9577
25848.75,26188.227699999996
25848.75,26175.163999999997
25848.75,26164.0516
25848.75,26169.0675
25848.75,26171.2859
25848.75,26165.1932
25848.75,26168.7083
25848.75,26160.4753
25848.75,26181.262500000004
25848.75,26169.381900000004
25848.75,26173.436200000004
25848.75,26161.2963
25848.75,26133.371
25848.75,26150.3286
25848.75,26184.224199999997
25848.75,26181.8657
25848.75,26171.192199999998
25848.75,26161.19
25848.75,26171.163399999998
25848.75,26175.6286
25848.75,26159.776
25848.75,26166.1693
25848.75,26133.045500000004
25848.75,26126.750600000007
25848.75,26208.64209999999
25848.75,26185.8047
25848.75,26105.0434
25848.75,26202.6502
25848.75,26158.843100000002
25848.75,26114.637700000003
25848.75,26168.2349
25848.75,26156.1854
25848.75,26158.133099999995
25848.75,26164.017100000005
25848.75,26160.243800000004
25848.75,26191.865700000002
25848.75,26183.161699999993
25848.75,26155.6491
25848.75,26184.395800000006
25848.75,26178.1714
25848.75,26205.8237
25848.75,26195.2661
25848.75,26141.788
25848.75,26148.9871
25848.75,26149.2914
25848.75,26205.0174
25848.75,26151.5809
25848.75,26166.959
25848.75,26154.6551
25848.75,26183.775400000002
25848.75,26171.995000000003
25848.75,26187.466700000008
25848.75,26167.4079
25848.75,26218.0305
25848.75,26167.9403
25848.75,26138.2706
25848.75,26195.7033
25848.75,26207.0158
25848.75,26175.159099999997
25848.75,26162.578300000005
25848.75,26180.129200000003
25848.75,26192.701299999997
25848.75,26159.0791
25848.75,26195.393400000004
25848.75,26128.3534
25848.75,26189.4799
25848.75,26147.776000000005
25848.75,26158.462199999998
25848.75,26147.281100000004
25848.75,26164.7791
25848.75,26162.0956
25848.75,26153.5001
25848.75,26180.6121
25848.75,26154.267
25848.75,26167.891600000003
25848.75,26185.6224
25848.75,26202.6916
25848.75,26185.771300000004
25848.75,26175.208599999998
25848.75,26136.677399999997
25848.75,26181.497500000005
25848.75,26161.204700000002
25848.75,26163.658799999997
25848.75,26153.088499999998
25848.75,26172.011699999995
25848.75,26156.7289
25848.75,26197.6186
25848.75,26203.404300000002
25848.75,26194.998199999995
25848.75,26163.772300000004
25848.75,26143.813799999996
25848.75,26152.1772
25848.75,26175.0174
25848.75,26149.5881
25848.75,26158.905900000005
25848.75,26163.722700000006
25848.75,26153.8914
25848.75,26131.9745
25848.75,26132.0339
25848.75,26137.6515
25848.75,26190.334499999997
25848.75,26140.511699999995
25848.75,26163.977399999996
25848.75,26200.753900000003
25848.75,26155.868200000004
25848.75,26140.534299999996
25848.75,26201.4516
25848.75,26159.945499999998
25848.75,26185.6494
25848.75,26178.834899999998
25848.75,26132.8871
25848.75,26144.9267
25848.75,26173.391500000005
25848.75,26167.6891
25848.75,26175.6292
25848.75,26135.5948
25848.75,26171.3392
