BestFitnessMean,AverageFitnessMean
51538.7,87800.525
49015.8,78065.2359
42452.8,70597.8034
39920.75,64698.6241
38199.2,59786.3411
36210.25,55532.73719999999
34643.35,51486.6957
32885.55,48598.888699999996
32103.75,46731.566300000006
31275.75,45071.22999999999
30161.1,43663.92390000001
29564.75,42516.679800000005
29201.4,41374.89160000001
28672.95,40249.560000000005
28214.95,39224.828199999996
27847.95,38332.9621
27741.5,37529.0783
27438.2,36921.4924
27247.3,36050.3446
27027.65,35272.48030000001
26952.05,34777.631
26793.05,34383.5592
26643.2,33781.82529999999
26566.65,33416.7179
26467.35,32868.0199
26363.55,32403.7423
26275.65,32094.785200000002
26237.6,31808.90399999999
26207.25,31319.9695
26109.25,31220.491599999998
26072.5,31102.153899999998
26036.0,30684.0201
26015.2,30346.635
25990.4,29918.99580000001
25980.75,29481.728000000003
25968.85,29212.3202
25964.15,29045.203099999995
25931.85,28690.769399999997
25913.6,28480.565400000003
25894.05,28531.3347
25882.75,28329.832400000003
25876.05,28289.201800000003
25868.45,28320.5653
25863.45,28342.5357
25862.6,28327.127299999993
25859.9,27999.199699999997
25859.9,27746.74390000001
25858.0,27471.675800000005
25858.0,27428.881299999997
25853.85,27345.756700000005
25849.55,27307.436599999997
25849.55,27200.4579
25849.4,26989.226800000004
25849.4,26952.047400000003
25849.4,26880.156000000006
25849.25,26833.9608
25849.25,26879.4723
25849.25,26931.184700000005
25849.25,26810.2719
25849.25,26799.4708
25849.25,26798.118299999995
25849.25,26741.8593
25849.25,26806.0784
25849.25,26795.9549
25849.25,26736.220800000003
25849.25,26760.908400000004
25849.25,26748.139300000003
25837.0,26779.315499999997
25837.0,26697.235600000004
25837.0,26618.858799999998
25837.0,26636.517699999997
25837.0,26602.559100000002
25837.0,26580.7259
25837.0,26528.901300000005
25837.0,26508.650800000003
25837.0,26517.7636
25837.0,26526.894399999997
25837.0,26490.239900000004
25837.0,26440.6857
25837.0,26490.749
25837.0,26558.759700000002
25837.0,26542.430800000002
25837.0,26478.3329
25837.0,26499.3146
25837.0,26539.714
25837.0,26557.1309
25837.0,26586.7085
25837.0,26546.629500000003
25837.0,26575.2142
25837.0,26569.662399999994
25837.0,26537.800299999995
25837.0,26609.733599999996
25837.0,26589.545800000004
25837.0,26563.775
25837.0,26509.356299999996
25837.0,26499.934200000007
25837.0,26494.698500000006
25837.0,26487.858799999998
25837.0,26517.1429
25837.0,26522.9098
25837.0,26437.345300000004
25837.0,26543.6358
25837.0,26457.532
25837.0,26517.432699999998
25837.0,26501.3732
25837.0,26477.908200000005
25837.0,26484.5431
25837.0,26481.979000000003
25837.0,26468.551099999993
25837.0,26459.562599999997
25837.0,26475.893099999998
25837.0,26473.580600000005
25837.0,26483.932999999997
25837.0,26470.1129
25837.0,26491.371599999995
25837.0,26479.641200000002
25837.0,26505.736799999995
25837.0,26499.3822
25837.0,26492.016299999996
25837.0,26504.398800000003
25837.0,26466.3062
25837.0,26515.607500000002
25837.0,26496.8261
25837.0,26494.628300000004
25837.0,26459.744300000002
25837.0,26499.8421
25837.0,26533.2163
25837.0,26458.123499999998
25837.0,26516.8458
25837.0,26438.777500000004
25837.0,26496.219399999994
25837.0,26541.536200000002
25837.0,26499.504200000007
25837.0,26481.2016
25837.0,26480.980600000003
25837.0,26436.682099999998
25837.0,26466.805400000005
25837.0,26524.619700000003
25837.0,26446.1142
25837.0,26470.1479
25837.0,26533.980399999993
25837.0,26479.969900000004
25837.0,26497.5478
25837.0,26473.067099999997
25837.0,26468.715799999994
25837.0,26502.042999999998
25837.0,26464.883
25837.0,26489.871099999997
25837.0,26459.403899999998
25837.0,26444.795999999995
25837.0,26518.504800000002
25837.0,26483.352199999994
25837.0,26505.7629
25837.0,26511.063299999998
25837.0,26515.776499999996
25837.0,26458.8064
25837.0,26455.9832
25837.0,26471.3474
25837.0,26473.973100000003
25837.0,26528.055299999996
25837.0,26502.2914
25837.0,26433.4588
25837.0,26471.6526
25837.0,26488.2522
25837.0,26468.185699999995
25837.0,26498.281100000004
25837.0,26502.242500000004
25837.0,26499.8591
25837.0,26537.567300000002
25837.0,26514.1215
25837.0,26503.945799999994
25837.0,26529.191699999996
25837.0,26470.123199999995
25837.0,26518.318300000003
25837.0,26464.7299
25837.0,26446.940800000004
25837.0,26488.011500000004
25837.0,26513.402000000002
25837.0,26494.232299999996
25837.0,26506.374699999997
25837.0,26505.0059
25837.0,26448.589400000008
25837.0,26466.960500000005
25837.0,26504.8532
25837.0,26508.65
25837.0,26475.131800000003
25837.0,26526.626899999996
25837.0,26557.175399999996
25837.0,26491.403000000002
25837.0,26538.5229
25837.0,26483.0363
25837.0,26513.097900000004
25837.0,26500.578499999996
25837.0,26473.140799999994
25837.0,26543.8762
25837.0,26474.896
25837.0,26520.1454
25837.0,26495.3135
25837.0,26482.9424
25837.0,26497.226199999997
25837.0,26466.1489
25837.0,26494.214999999997
25837.0,26506.931899999996
25837.0,26489.842800000002
25837.0,26465.063099999992
25837.0,26533.698800000002
25837.0,26497.521399999998
25837.0,26474.509700000002
25837.0,26492.043700000002
25837.0,26529.785099999997
25837.0,26528.7336
25837.0,26486.677199999995
25837.0,26533.9499
25837.0,26497.2324
25837.0,26509.109599999996
25837.0,26507.030500000004
25837.0,26510.832899999998
25837.0,26538.8451
25837.0,26468.4022
25837.0,26510.083499999997
25837.0,26478.5341
25837.0,26463.620600000002
25837.0,26451.329100000003
25837.0,26538.4455
25837.0,26474.572000000004
25837.0,26451.411700000008
25837.0,26473.224799999996
25837.0,26516.889100000008
25837.0,26508.8174
25837.0,26512.2841
25837.0,26459.096899999997
25837.0,26463.7108
25837.0,26455.927999999996
25837.0,26495.1174
25837.0,26511.802000000003
25837.0,26462.406799999997
25837.0,26477.4773
25837.0,26470.7912
25837.0,26479.9303
25837.0,26490.1855
25837.0,26461.8333
25837.0,26417.2202
25837.0,26487.561800000003
25837.0,26442.025600000004
25837.0,26462.6797
25837.0,26461.4708
25837.0,26506.040100000002
25837.0,26471.8762
25837.0,26491.4973
25837.0,26513.3153
25837.0,26453.337700000004
25837.0,26471.905099999996
25837.0,26492.181099999998
25837.0,26491.962799999998
25837.0,26506.149500000007
25837.0,26463.411000000004
25837.0,26464.0316
25837.0,26498.508099999995
25837.0,26485.900599999994
25837.0,26484.068099999997
25837.0,26490.550799999997
25837.0,26518.200300000004
25837.0,26528.367100000003
25837.0,26468.393300000007
25837.0,26535.554000000004
25837.0,26480.892099999997
25837.0,26428.624700000004
25837.0,26501.308999999997
25837.0,26466.2792
25837.0,26492.599500000004
25837.0,26516.444799999997
25837.0,26447.215799999998
25837.0,26510.881999999994
25837.0,26424.163299999993
25837.0,26525.109399999994
25837.0,26506.1679
25837.0,26434.099
25837.0,26444.244400000003
25837.0,26497.1212
25837.0,26453.5235
25837.0,26488.821400000004
25837.0,26452.674100000004
25837.0,26552.655
25837.0,26457.6754
25837.0,26504.643699999997
25837.0,26535.2184
25837.0,26488.4007
25837.0,26467.0466
25837.0,26423.301199999998
25837.0,26447.810599999997
25837.0,26464.7288
25837.0,26480.245600000002
25837.0,26433.631699999998
25837.0,26507.1299
25837.0,26500.480999999992
25837.0,26497.784699999997
25837.0,26490.7081
25837.0,26434.525799999996
25837.0,26493.761300000002
25837.0,26485.57429999999
25837.0,26472.716600000003
25837.0,26471.6969
25837.0,26523.664599999996
25837.0,26464.8425
25837.0,26462.7373
25837.0,26487.552499999998
25837.0,26455.831099999992
25837.0,26525.93119999999
25837.0,26459.8787
25837.0,26485.2673
25837.0,26489.0277
25837.0,26421.6419
25837.0,26441.224800000004
25837.0,26508.4256
25837.0,26492.861199999996
25837.0,26473.863700000005
25837.0,26486.505399999995
25837.0,26484.716000000004
25837.0,26515.9309
25837.0,26512.446500000002
25837.0,26483.6058
25837.0,26478.1736
25837.0,26510.5372
25837.0,26502.889399999996
25837.0,26462.8791
25837.0,26462.6509
25837.0,26456.301
25837.0,26465.556
25837.0,26518.900200000004
25837.0,26502.916599999997
25837.0,26485.013700000003
25837.0,26492.237899999996
25837.0,26464.826
25837.0,26496.724299999994
25837.0,26482.817699999996
25837.0,26495.941499999997
25837.0,26512.0495
25837.0,26507.935000000005
25837.0,26487.315299999995
25837.0,26529.908200000005
25837.0,26439.450499999995
25837.0,26500.5294
25837.0,26544.789500000003
25837.0,26431.350599999998
25837.0,26516.949000000004
25837.0,26466.03839999999
25837.0,26488.4733
25837.0,26490.9428
25837.0,26468.187899999997
25837.0,26438.688000000002
25837.0,26478.0868
25837.0,26451.0245
25837.0,26512.163900000003
25837.0,26508.663099999998
25837.0,26454.571699999993
25837.0,26469.6364
25837.0,26503.9389
25837.0,26487.413299999997
25837.0,26496.6213
25837.0,26479.5897
25837.0,26411.74
25837.0,26481.647500000003
25837.0,26488.085600000002
25837.0,26524.492599999998
25837.0,26459.173800000008
25837.0,26421.9089
25837.0,26501.470999999998
25837.0,26452.543599999997
25837.0,26459.2033
25837.0,26479.943700000003
25837.0,26471.2461
25837.0,26546.226800000004
25837.0,26491.688899999997
25837.0,26427.3174
25837.0,26484.892300000007
25837.0,26464.1371
25837.0,26501.2945
25837.0,26498.879800000002
25837.0,26516.7771
25837.0,26520.264999999996
25837.0,26494.539299999997
25837.0,26468.961799999997
25837.0,26479.104199999994
25837.0,26450.838399999997
25837.0,26527.5286
25837.0,26478.828400000006
25837.0,26437.990700000002
25837.0,26498.6628
25837.0,26514.647999999997
25837.0,26440.061899999993
25837.0,26472.180500000006
25837.0,26491.026300000005
25837.0,26512.96829999999
25837.0,26496.735500000003
25837.0,26475.5219
25837.0,26460.705200000004
25837.0,26462.319300000003
25837.0,26474.2142
25837.0,26489.590400000005
25837.0,26472.066700000003
25837.0,26487.983300000004
25837.0,26468.2678
25837.0,26524.152700000006
25837.0,26492.5833
25837.0,26566.427300000003
25837.0,26460.91010000001
25837.0,26514.7235
25837.0,26529.306500000006
25837.0,26493.465099999994
25837.0,26464.334699999996
25837.0,26465.327300000004
25837.0,26482.925299999995
25837.0,26469.641200000002
25837.0,26463.537800000002
25837.0,26464.2005
25837.0,26504.339200000006
25837.0,26497.2214
25837.0,26454.0304
25837.0,26477.434999999998
25837.0,26506.234599999996
25837.0,26512.874200000002
25837.0,26430.538800000002
25837.0,26524.3576
25837.0,26503.1478
25837.0,26457.3777
25837.0,26489.187000000005
25837.0,26475.2208
25837.0,26464.8727
25837.0,26465.658600000002
25837.0,26490.419899999997
25837.0,26506.9908
25837.0,26515.537100000005
25837.0,26486.3206
25837.0,26425.119399999996
25837.0,26474.0838
25837.0,26502.714999999997
25837.0,26530.949400000005
25837.0,26516.716200000003
25837.0,26496.831599999998
25837.0,26508.604700000004
25837.0,26469.189700000006
25837.0,26463.9977
25837.0,26418.5449
25837.0,26482.236100000002
25837.0,26463.046900000005
25837.0,26522.199799999995
25837.0,26459.4027
25837.0,26456.0124
25837.0,26455.144399999997
25837.0,26497.5997
25837.0,26479.968799999995
25837.0,26489.851699999992
25837.0,26456.5696
25837.0,26466.827900000004
25837.0,26457.058500000003
25837.0,26510.785599999996
25837.0,26479.5088
25837.0,26502.105699999996
25837.0,26478.424500000005
25837.0,26481.202500000003
25837.0,26513.5511
25837.0,26508.062599999997
25837.0,26473.837399999997
25837.0,26506.1857
25837.0,26448.479100000004
25837.0,26534.991799999996
25837.0,26478.408199999998
25837.0,26449.594699999998
25837.0,26473.7349
25837.0,26517.5642
25837.0,26510.460000000003
25837.0,26522.969300000004
25837.0,26514.6983
25837.0,26523.3897
25837.0,26460.990400000002
25837.0,26517.646800000006
25837.0,26485.633300000005
25837.0,26473.417699999998
25837.0,26487.3436
25837.0,26478.213299999996
25837.0,26462.8025
25837.0,26483.277899999997
25837.0,26476.404300000006
25837.0,26543.068899999995
25837.0,26507.828599999997
25837.0,26488.8713
25837.0,26536.2208
25837.0,26505.4473
25837.0,26479.0885
25837.0,26455.944199999998
25837.0,26510.0505
25837.0,26473.980500000012
25837.0,26541.179099999998
25837.0,26492.624100000005
25837.0,26554.309999999998
25837.0,26528.27
25837.0,26526.461700000003
25837.0,26492.6685
25837.0,26469.318299999995
25837.0,26508.5223
25837.0,26485.712900000006
25837.0,26529.896
25837.0,26489.140000000007
25837.0,26501.838800000005
25837.0,26502.968800000002
25837.0,26499.4205
25837.0,26489.0835
25837.0,26540.719
25837.0,26490.7778
25837.0,26514.4428
25837.0,26515.596100000002
25837.0,26454.531100000004
25837.0,26514.182500000003
25837.0,26523.260799999996
25837.0,26502.0711
25837.0,26500.568600000006
25837.0,26470.167999999998
25837.0,26498.915700000005
25837.0,26470.4152
25837.0,26439.6272
25837.0,26530.668700000002
25837.0,26547.559999999998
25837.0,26492.316700000003
25837.0,26503.953700000005
25837.0,26526.553900000006
25837.0,26489.372699999996
25837.0,26534.9103
25837.0,26452.641200000002
25837.0,26455.203599999997
25837.0,26465.112699999998
25837.0,26544.275599999994
25837.0,26483.849600000005
25837.0,26516.846900000004
25837.0,26495.867600000005
25837.0,26498.083900000005
25837.0,26543.629300000008
25837.0,26524.469800000003
25837.0,26506.8478
25837.0,26529.2463
25837.0,26534.1266
25837.0,26494.9545
25837.0,26503.125500000006
25837.0,26556.912099999998
25837.0,26581.3762
25837.0,26554.945299999992
25837.0,26526.970400000002
25837.0,26517.0833
25837.0,26566.412
25837.0,26555.923499999997
25837.0,26565.218600000004
25837.0,26632.05909999999
25837.0,26591.481300000003
25837.0,26561.2615
25837.0,26504.5768
25837.0,26499.018799999998
25837.0,26524.0751
25837.0,26483.868300000002
25837.0,26464.8217
25837.0,26485.365700000002
25837.0,26516.253699999994
25837.0,26477.421300000005
25837.0,26441.0842
25837.0,26480.810900000004
25837.0,26511.352600000002
25837.0,26475.7598
25837.0,26522.586699999996
25837.0,26493.4722
25837.0,26446.975000000006
25837.0,26492.306099999998
25837.0,26505.088300000003
25837.0,26474.063800000004
25837.0,26465.486100000002
25837.0,26461.1863
25837.0,26503.826900000004
25837.0,26507.948599999996
25837.0,26460.663900000003
25837.0,26478.6146
25837.0,26498.398200000003
25837.0,26492.6667
25837.0,26468.2533
25837.0,26488.074200000003
25837.0,26461.204500000003
25837.0,26524.572200000002
25837.0,26504.011000000006
25837.0,26497.699
25837.0,26517.420400000003
25837.0,26488.3958
25837.0,26474.9609
25837.0,26510.0813
25837.0,26482.026299999998
25837.0,26509.2786
25837.0,26450.884300000005
25837.0,26520.786099999998
25837.0,26530.952500000003
25837.0,26495.9665
25837.0,26490.701
25837.0,26474.577199999992
25837.0,26498.437399999995
25837.0,26504.33280000001
25837.0,26487.482500000002
25837.0,26473.7717
25837.0,26436.5059
25837.0,26460.530000000006
25837.0,26556.5505
25837.0,26488.747099999997
25837.0,26477.1365
25837.0,26474.1385
25837.0,26470.978599999995
25837.0,26562.246700000007
25837.0,26506.042500000003
25837.0,26471.2097
25837.0,26481.489300000005
25837.0,26516.8576
25837.0,26468.6642
25837.0,26502.773100000002
25837.0,26537.848599999998
25837.0,26464.8853
25837.0,26491.046199999993
25837.0,26539.703999999998
25837.0,26472.0096
25837.0,26471.143
25837.0,26436.0615
25837.0,26447.292000000005
25837.0,26469.5449
25837.0,26478.871399999996
25837.0,26470.188400000003
25837.0,26524.781799999997
25837.0,26498.154199999997
25837.0,26482.2423
25837.0,26505.107100000005
25837.0,26502.141199999995
25837.0,26496.966200000003
25837.0,26480.524299999997
25837.0,26455.511999999995
25837.0,26539.926599999995
25837.0,26484.8783
25837.0,26494.037100000005
25837.0,26454.241500000004
25837.0,26517.8828
25837.0,26495.8678
25837.0,26490.9263
25837.0,26466.2253
25837.0,26462.2804
25837.0,26472.296099999996
25837.0,26499.1728
25837.0,26449.5984
25837.0,26471.202899999997
25837.0,26488.136400000007
25837.0,26476.203
25837.0,26479.686000000005
25837.0,26485.3544
25837.0,26520.9455
25837.0,26494.678900000006
25837.0,26467.944799999997
25837.0,26461.6538
25837.0,26519.5066
25837.0,26466.1887
25837.0,26506.564500000008
25837.0,26461.5607
25837.0,26518.978900000006
25837.0,26501.0925
25837.0,26447.4017
25837.0,26509.5049
25837.0,26493.8362
25837.0,26510.8605
25837.0,26497.323300000007
25837.0,26493.545899999997
25837.0,26462.1289
25837.0,26489.4217
25837.0,26509.7952
25837.0,26503.707000000002
25837.0,26448.4459
25837.0,26539.222500000003
25837.0,26479.4162
25837.0,26463.724200000004
25837.0,26478.054800000005
25837.0,26495.7043
25837.0,26500.187599999997
25837.0,26530.1033
25837.0,26490.704899999993
25837.0,26463.642099999997
25837.0,26514.497000000003
25837.0,26495.0783
25837.0,26495.649599999997
25837.0,26469.769900000003
25837.0,26458.696099999994
25837.0,26528.3672
25837.0,26487.376800000005
25837.0,26441.116599999998
25837.0,26510.060500000003
25837.0,26474.316499999997
25837.0,26503.493799999997
25837.0,26488.2195
25837.0,26479.221300000005
25837.0,26487.602300000006
25837.0,26486.614099999995
25837.0,26464.5664
25837.0,26497.512799999997
25837.0,26495.709800000004
25837.0,26500.4912
25837.0,26472.461499999998
25837.0,26452.561199999996
25837.0,26474.490699999995
25837.0,26434.200600000004
25837.0,26533.7667
25837.0,26484.3767
25837.0,26497.283599999995
25837.0,26505.402000000002
25837.0,26504.586799999997
25837.0,26506.393100000005
25837.0,26496.2745
25837.0,26493.982700000004
25837.0,26472.457199999997
25837.0,26446.0635
25837.0,26507.2468
25837.0,26501.124300000003
25837.0,26479.6548
25837.0,26479.070299999992
25837.0,26510.584099999996
25837.0,26472.196999999996
25837.0,26493.1044
25837.0,26491.753599999996
25837.0,26438.354099999997
25837.0,26444.7891
25837.0,26531.899400000002
25837.0,26539.195200000006
25837.0,26486.1598
25837.0,26535.55510000001
25837.0,26478.101399999996
25837.0,26504.1313
25837.0,26487.504000000004
25837.0,26458.674700000003
25837.0,26532.918200000004
25837.0,26531.105299999996
25837.0,26455.036799999994
25837.0,26511.1738
25837.0,26513.8582
25837.0,26498.858900000003
25837.0,26488.017099999997
25837.0,26478.773799999995
25837.0,26493.231899999995
25837.0,26514.6009
25837.0,26433.760200000008
25837.0,26504.551999999996
25837.0,26487.638400000007
25837.0,26466.492700000003
25837.0,26464.2653
25837.0,26459.6399
25837.0,26506.280100000004
25837.0,26490.191100000004
25837.0,26469.711699999996
25837.0,26480.09970000001
25837.0,26497.8742
25837.0,26466.918000000005
25837.0,26490.028
25837.0,26480.357800000005
25837.0,26504.205100000003
25837.0,26474.416600000004
25837.0,26450.379599999997
25837.0,26532.474800000004
25837.0,26479.465600000003
25837.0,26497.7137
25837.0,26465.272600000004
25837.0,26470.493199999997
25837.0,26480.7044
25837.0,26471.398599999997
25837.0,26457.2857
25837.0,26442.740499999996
25837.0,26462.006800000003
25837.0,26487.50410000001
25837.0,26480.243199999997
25837.0,26479.437500000007
25837.0,26466.088200000006
25837.0,26464.7823
25837.0,26463.017200000002
25837.0,26434.6027
25837.0,26457.025799999996
25837.0,26479.4312
25837.0,26488.292999999998
25837.0,26516.480499999998
25837.0,26503.249299999996
25837.0,26457.636600000005
25837.0,26443.091400000005
25837.0,26501.0803
25837.0,26465.212499999994
25837.0,26436.75250000001
25837.0,26515.2869
25837.0,26492.0623
25837.0,26461.0729
25837.0,26424.1418
25837.0,26494.590000000004
25837.0,26527.4288
25837.0,26521.3711
25837.0,26477.195399999997
25837.0,26451.8066
25837.0,26479.526900000004
25837.0,26493.325999999994
25837.0,26529.8129
25837.0,26453.334800000004
25837.0,26526.8534
25837.0,26506.046000000002
25837.0,26496.924100000004
25837.0,26469.308500000003
25837.0,26471.894699999997
25837.0,26482.2042
25837.0,26456.6842
25837.0,26490.503399999998
25837.0,26521.676800000005
25837.0,26443.837899999995
25837.0,26487.2076
25837.0,26488.1718
25837.0,26536.017699999997
25837.0,26466.474200000004
25837.0,26482.9652
25837.0,26485.826900000004
25837.0,26524.506200000003
25837.0,26488.113
25837.0,26518.676
25837.0,26448.7186
25837.0,26444.637600000005
25837.0,26473.1505
25837.0,26498.7652
25837.0,26496.963299999996
25837.0,26522.089500000002
25837.0,26484.0109
25837.0,26500.8396
25837.0,26455.7496
25837.0,26488.4939
25837.0,26458.277400000003
25837.0,26475.281200000005
25837.0,26441.185799999996
25837.0,26485.4824
25837.0,26454.722400000006
25837.0,26480.7701
25837.0,26485.520399999998
25837.0,26521.716999999997
25837.0,26470.5801
25837.0,26487.2767
25837.0,26484.4949
25837.0,26423.850799999997
25837.0,26560.911600000003
25837.0,26461.3176
25837.0,26475.6795
25837.0,26508.269800000002
25837.0,26490.9291
25837.0,26484.2299
25837.0,26499.483500000002
25837.0,26516.5764
25837.0,26523.0021
25837.0,26501.172899999998
25837.0,26476.4935
25837.0,26460.6344
25837.0,26500.8053
25837.0,26537.197599999996
25837.0,26500.0306
25837.0,26506.097
25837.0,26487.033099999993
25837.0,26516.110200000003
25837.0,26515.669400000002
25837.0,26462.712399999997
25837.0,26459.7228
25837.0,26491.1638
25837.0,26460.833999999995
25837.0,26449.7511
25837.0,26516.800999999996
25837.0,26507.6438
25837.0,26549.665399999998
25837.0,26474.7569
25837.0,26476.1749
25837.0,26500.9567
25837.0,26491.203800000007
25837.0,26466.698900000007
25837.0,26475.559500000003
25837.0,26477.032600000006
25837.0,26460.414099999995
25837.0,26503.159600000003
25837.0,26436.0088
25837.0,26507.75
25837.0,26488.6179
25837.0,26474.706899999997
25837.0,26523.1219
25837.0,26455.995199999998
25837.0,26478.193199999998
25837.0,26486.970400000002
25837.0,26509.215000000004
25837.0,26554.2269
25837.0,26469.0474
25837.0,26521.152400000003
25837.0,26473.9061
25837.0,26441.300199999998
25837.0,26464.7092
25837.0,26484.356899999995
25837.0,26529.3662
25837.0,26513.2289
25837.0,26450.645
25837.0,26440.697999999997
25837.0,26477.190300000006
25837.0,26443.4024
25837.0,26499.756899999997
25837.0,26554.083900000005
25837.0,26487.997499999998
25837.0,26518.500899999995
25837.0,26513.428599999996
25837.0,26460.5543
25837.0,26509.8715
25837.0,26543.5696
25837.0,26502.554200000002
25837.0,26469.877399999998
25837.0,26509.5762
25837.0,26507.5212
25837.0,26505.307
25837.0,26510.7946
25837.0,26454.0375
25837.0,26519.700499999995
25837.0,26490.994000000006
25837.0,26506.3897
25837.0,26452.202400000002
25837.0,26452.983500000002
25837.0,26482.641599999995
25837.0,26530.697999999997
25837.0,26533.8571
25837.0,26461.688199999997
25837.0,26466.2817
25837.0,26448.4841
25837.0,26602.2945
25837.0,26489.442999999992
25837.0,26450.961000000003
25837.0,26450.5646
25837.0,26505.347999999998
25837.0,26488.283000000003
25837.0,26530.784200000002
25837.0,26493.891600000003
25837.0,26501.053900000006
25837.0,26518.513100000004
25837.0,26474.385
25837.0,26543.986299999997
25837.0,26502.8282
25837.0,26486.869
25837.0,26467.177999999996
25837.0,26484.299699999996
25837.0,26505.582499999997
25837.0,26513.508799999992
25837.0,26471.962000000007
25837.0,26467.4457
25837.0,26544.0548
25837.0,26527.176800000005
25837.0,26502.194800000005
25837.0,26469.8961
25837.0,26499.4261
25837.0,26472.676799999997
25837.0,26479.009299999998
25837.0,26504.9104
25837.0,26507.5141
25837.0,26441.436799999996
25837.0,26480.017100000005
25837.0,26483.771399999998
25837.0,26475.04470000001
25837.0,26480.2682
25837.0,26494.968600000004
25837.0,26440.894
25837.0,26427.934599999997
25837.0,26499.751800000005
25837.0,26477.015400000004
25837.0,26454.83010000001
25837.0,26456.6738
25837.0,26439.865200000007
25837.0,26474.9783
25837.0,26429.388999999996
25837.0,26529.16219999999
25837.0,26472.717800000002
25837.0,26504.0691
25837.0,26458.424600000006
25837.0,26467.425700000003
25837.0,26490.3452
25837.0,26508.826999999997
25837.0,26472.110800000002
25837.0,26512.8386
25837.0,26518.9375
25837.0,26489.349899999994
25837.0,26480.429200000002
25837.0,26507.4745
25837.0,26479.695100000004
25837.0,26529.303399999993
25837.0,26486.97239999999
25837.0,26468.0167
25837.0,26509.6843
25837.0,26540.895299999996
25837.0,26495.0645
25837.0,26497.963900000002
25837.0,26513.689900000005
25837.0,26444.759000000002
25837.0,26578.738599999993
25837.0,26438.8572
25837.0,26460.851200000005
25837.0,26492.2108
25837.0,26465.611000000004
25837.0,26502.59930000001
25837.0,26527.968400000005
25837.0,26534.188000000002
25837.0,26431.632200000004
