BestFitnessMean,AverageFitnessMean
50465.0,87635.3657
44916.05,73974.61390000001
39658.75,64299.1737
35997.05,56777.4419
34540.75,50359.9286
32739.7,46103.4095
31172.15,43222.32839999999
30005.75,40940.1063
29180.7,39057.225699999995
28424.85,37412.716100000005
27829.15,35727.346099999995
27465.8,34589.5282
27159.0,33570.591499999995
26901.8,32644.4481
26708.05,31658.7578
26570.75,30820.1932
26463.75,30223.9224
26383.95,29617.0174
26281.05,29018.2578
26226.05,28785.679299999996
26194.2,28705.497699999996
26174.2,28425.4953
26160.85,28012.998900000006
26138.25,27467.1156
26126.2,27225.680100000005
26103.85,27029.237700000005
26074.4,26926.4326
26074.4,26937.790300000004
26058.9,26822.5112
26054.6,26835.3981
26050.8,26685.951200000003
26050.8,26655.4851
26050.65,26669.430000000004
26050.65,26533.216599999996
26050.65,26393.0499
26037.5,26287.7416
26037.5,26272.0505
26037.35,26300.2349
26037.35,26341.402700000006
26018.65,26381.279499999997
26011.55,26467.1687
26011.55,26357.556499999995
26011.55,26418.889399999996
26006.75,26526.6995
26006.75,26525.534700000007
26004.8,26378.245000000006
25993.9,26335.683100000006
25990.1,26314.922400000003
25989.95,26292.735699999997
25986.2,26293.067900000002
25986.2,26227.624200000002
25986.2,26208.562899999997
25986.2,26229.153599999998
25986.2,26137.749
25981.9,26158.400200000004
25981.9,26158.207300000002
25981.9,26187.7614
25981.9,26255.202799999992
25981.9,26188.7837
25981.9,26147.359900000003
25981.9,26119.7673
25981.9,26060.570400000004
25981.9,26055.630600000004
25981.9,26035.5396
25981.9,26040.347400000002
25981.9,26056.4211
25963.05,26043.451900000004
25951.15,26059.254499999995
25951.15,26071.5244
25946.85,26182.419700000006
25946.85,26196.1941
25928.8,26146.3596
25928.8,26085.3342
25924.55,26025.5354
25924.55,26098.6358
25922.4,26122.2677
25922.4,26006.2457
25910.5,26004.7336
25910.5,26023.5361
25910.5,26019.126500000006
25910.5,26039.5301
25910.5,26054.534399999997
25910.5,26112.4486
25910.5,26174.974500000004
25907.85,26012.248299999992
25907.85,25980.683599999997
25907.7,25997.334600000002
25907.7,26016.386100000003
25907.55,26009.921299999998
25907.55,25994.4637
25907.55,26004.6616
25907.55,26039.6071
25907.55,26033.442400000004
25907.55,26094.832100000003
25907.55,26161.0081
25907.55,26048.533900000002
25907.55,25963.9879
25907.55,25970.961300000003
25907.55,25955.0762
25895.65,25971.074999999993
25891.35,25992.94259999999
25891.35,26022.4825
25891.35,26078.620000000003
25891.35,25951.5484
25891.35,25970.112999999998
25883.15,25947.2694
25883.15,25954.2945
25883.15,25957.202600000004
25878.9,25959.654800000004
25878.9,25950.3327
25876.75,25950.179300000007
25876.75,25962.955100000003
25876.75,25933.9813
25876.75,25936.5013
25876.75,25952.894999999997
25876.75,25931.738599999993
25876.75,25929.804399999997
25876.75,25940.896099999998
25876.75,25934.4864
25872.45,25952.7004
25872.45,25947.914300000004
25872.45,25993.9486
25872.45,26004.874
25872.45,26049.988400000006
25872.45,25971.721100000002
25872.45,25930.1067
25872.45,25941.2404
25872.45,25929.5746
25872.45,25947.573599999996
25872.45,25939.0507
25872.45,25948.973700000002
25872.45,25938.8912
25872.45,25935.833200000005
25872.45,25938.236899999996
25872.45,25938.287699999993
25872.45,25948.452299999997
25872.45,25932.3118
25872.45,25916.394999999997
25872.45,25930.097999999998
25872.45,25946.879799999995
25872.45,25941.8164
25872.45,25940.520399999994
25872.45,25927.788399999998
25860.2,25935.828199999996
25860.2,25926.424300000002
25860.2,25926.977
25860.05,25928.135200000008
25860.05,25935.3356
25859.4,25922.486900000007
25859.4,25910.781300000002
25859.4,25937.8781
25855.1,25968.465499999995
25855.1,26004.5579
25855.1,25939.096700000002
25855.1,25940.216700000004
25855.1,25923.252
25855.1,25924.3374
25855.1,25928.2576
25855.1,25936.783999999996
25855.1,25915.0844
25855.1,25920.923399999992
25855.1,25918.0579
25855.1,25917.0121
25855.1,25931.0191
25855.1,25908.5714
25855.1,25925.3077
25853.7,25917.861699999998
25853.7,25935.4744
25853.7,25941.927299999996
25853.7,25911.730199999998
25853.7,25915.627
25853.7,25917.7356
25853.7,25923.2952
25853.7,25924.963299999992
25853.7,25905.8742
25853.7,25920.2467
25853.7,25920.2633
25853.7,25908.401499999996
25853.7,25914.7742
25853.7,25912.307000000004
25853.7,25917.4634
25853.7,25926.503000000004
25853.7,25927.527599999998
25853.7,25910.3023
25853.7,25934.3399
25853.7,25902.0101
25853.7,25919.082799999996
25853.7,25915.2951
25853.7,25920.0633
25853.7,25909.464
25853.7,25916.307
25853.7,25909.403799999993
25853.7,25933.684999999998
25853.7,25922.9995
25853.7,25923.2084
25853.7,25928.226699999996
25853.7,25921.9585
25853.7,25931.0457
25853.7,25926.833700000003
25853.7,25925.1948
25853.7,25943.7823
25853.7,25922.7753
25853.7,25933.324499999995
25853.7,25920.4208
25853.7,25929.244899999998
25853.7,25906.1673
25853.7,25916.5511
25853.7,25916.0889
25853.7,25914.821900000003
25853.7,25931.842299999997
25853.7,25914.000700000004
25853.7,25926.077600000004
25853.7,25922.816499999997
25853.7,25927.500600000007
25853.7,25959.546
25853.7,25911.3344
25853.7,25925.8417
25853.7,25912.327400000002
25853.7,25922.8478
25853.7,25919.089199999995
25853.7,25929.736999999997
25853.7,25921.3727
25853.7,25903.139300000003
25853.7,25919.392100000005
25853.7,25927.574399999998
25853.7,25923.388400000003
25853.7,25928.150199999996
25853.7,25930.703500000003
25853.7,25919.312300000005
25853.7,25924.228100000004
25853.7,25920.791899999997
25853.7,25911.0554
25853.7,25927.8469
25853.7,25930.039800000006
25853.7,25927.089200000002
25853.7,25936.206599999998
25853.7,25930.3722
25853.7,25923.863100000006
25853.7,25920.140300000006
25853.7,25914.448099999998
25853.7,25918.047799999997
25853.7,25916.615700000002
25853.7,25928.990200000004
25853.7,25924.677300000003
25853.7,25922.184999999998
25853.7,25907.157300000006
25853.55,25927.858499999995
25853.55,25916.778400000003
25853.55,25916.4578
25853.55,25930.806999999997
25853.55,25913.3647
25853.55,25928.355199999998
25853.55,25929.768
25853.55,25928.800799999994
25853.55,25931.3191
25853.55,25909.805
25853.55,25923.426399999997
25853.55,25912.423399999996
25853.55,25949.7163
25853.55,25921.468999999994
25853.55,25918.2901
25853.55,25907.8035
25853.55,25900.808399999994
25849.25,25921.793000000005
25849.25,25908.7511
25849.25,25926.5065
25849.25,25959.778000000002
25849.25,25990.7766
25849.25,26013.6904
25849.25,25991.302399999993
25849.25,25934.521999999997
25849.25,25905.024400000002
25849.25,25919.587999999996
25849.25,25917.227600000002
25849.25,25893.4873
25849.25,25914.8503
25849.25,25920.950600000004
25849.25,25927.1878
25849.25,25916.647699999998
25849.25,25927.7255
25849.25,25924.7344
25849.25,25899.0541
25849.25,25908.7195
25849.25,25902.908000000003
25849.25,25940.6849
25849.25,25911.519900000003
25849.25,25913.0793
25849.25,25931.407
25849.25,25918.1184
25849.25,25911.628300000004
25849.25,25904.657299999995
25849.25,25922.893700000004
25849.25,25922.0327
25849.25,25911.249000000003
25849.25,25925.166599999997
25849.25,25925.475
25849.25,25907.280799999997
25849.25,25915.989599999997
25849.25,25915.6618
25849.25,25906.793200000004
25849.25,25932.111399999994
25849.25,25913.9083
25849.25,25941.1622
25849.25,25929.67
25849.25,25923.4556
25849.25,25918.3658
25849.25,25932.9808
25849.25,25912.765799999994
25849.25,25911.9986
25849.25,25906.158600000002
25849.25,25921.588599999995
25849.25,25909.218399999994
25849.25,25909.144600000003
25849.25,25904.727199999998
25849.25,25912.581000000002
25849.25,25918.945799999998
25849.25,25912.639900000002
25849.25,25911.703200000004
25849.25,25915.037
25849.25,25934.380199999996
25849.25,25913.339999999993
25849.25,25916.441499999997
25849.25,25919.430400000005
25849.25,25911.3339
25849.25,25912.2587
25849.25,25910.425199999998
25849.25,25919.487
25849.25,25927.1513
25849.25,25939.1003
25849.25,25914.687899999997
25849.25,25902.092099999998
25849.25,25921.9902
25849.25,25933.0137
25849.25,25921.127099999998
25849.25,25923.914000000004
25849.25,25911.954400000002
25849.25,25935.5843
25849.25,25908.501099999998
25849.25,25915.5691
25849.25,25906.836499999998
25849.25,25912.258599999994
25849.25,25925.385599999998
25849.25,25924.9368
25849.25,25905.810300000005
25849.25,25910.5474
25849.25,25921.724199999997
25849.25,25912.688299999998
25849.25,25908.2526
25849.25,25936.361199999992
25849.25,25903.3479
25849.25,25900.986500000003
25849.25,25901.3068
25849.25,25931.8098
25849.25,25935.360299999997
25849.25,25909.641300000003
25849.25,25919.920499999997
25849.25,25907.477000000003
25849.25,25915.717599999996
25849.25,25915.015199999994
25849.25,25915.6074
25849.25,25921.942100000004
25849.25,25918.3375
25849.25,25918.849799999996
25849.25,25926.2931
25849.25,25913.816600000002
25849.25,25923.7771
25849.25,25914.5801
25849.25,25908.732699999997
25849.25,25914.111100000002
25849.25,25896.9682
25849.25,25909.8146
25849.25,25920.923899999994
25849.25,25927.363200000007
25849.25,25899.9106
25849.25,25912.2437
25849.25,25907.044499999996
25849.25,25925.419700000002
25849.25,25901.300499999998
25849.25,25927.1295
25849.25,25918.0827
25849.25,25912.0229
25849.25,25956.7612
25849.25,25921.061199999996
25849.25,25909.864299999997
25849.25,25913.5772
25849.25,25918.4347
25849.25,25928.183500000003
25849.25,25922.6719
25849.25,25904.674
25849.25,25915.381299999997
25849.25,25909.262600000002
25849.25,25926.457699999995
25849.25,25925.2574
25849.25,25925.722400000002
25849.25,25910.326800000003
25849.25,25901.720899999997
25849.25,25922.400999999998
25849.25,25917.802399999997
25849.25,25923.084499999997
25849.25,25916.274300000012
25849.25,25922.266800000005
25849.25,25905.402499999997
25849.25,25909.935699999995
25849.25,25935.6122
25849.25,25916.4609
25849.25,25931.403
25849.25,25900.530299999995
25849.25,25938.9438
25849.25,25908.8399
25849.25,25927.918999999994
25849.25,25917.314800000004
25849.25,25918.903
25849.25,25913.926800000005
25849.25,25932.628399999998
25849.25,25905.428699999997
25849.25,25928.020599999996
25849.25,25904.341299999996
25849.25,25914.3632
25849.25,25926.624200000002
25849.25,25932.9594
25849.25,25921.237699999998
25849.25,25927.746900000002
25849.25,25909.0072
25849.25,25921.224500000004
25849.25,25944.316400000003
25849.25,25915.158399999997
25849.25,25906.843499999995
25849.25,25930.7814
25849.25,25909.827500000007
25849.25,25910.028000000002
25849.25,25916.6676
25849.25,25920.7342
25849.25,25916.054799999998
25849.25,25928.4608
25849.25,25898.5492
25849.25,25915.433899999996
25849.25,25921.037399999994
25849.25,25909.996099999997
25849.25,25903.5201
25849.25,25919.910300000003
25849.25,25925.698299999996
25849.25,25919.943399999996
25849.25,25922.936000000005
25849.25,25923.1954
25849.25,25919.009599999998
25849.25,25909.2374
25849.25,25916.001500000006
25849.25,25918.455
25849.25,25899.206999999995
25849.25,25906.646
25849.25,25925.046799999996
25849.25,25905.937899999997
25849.25,25924.762000000002
25849.25,25920.1655
25849.25,25915.4181
25849.25,25910.7917
25849.25,25922.434800000003
25849.25,25931.3383
25849.25,25934.932
25849.25,25928.5762
25849.25,25922.575000000004
25849.25,25899.6138
25849.25,25899.456400000003
25849.25,25910.9185
25849.25,25922.0993
25849.25,25907.959899999998
25849.25,25922.7149
25849.25,25930.709999999992
25849.25,25907.8458
25849.25,25937.2131
25849.25,25906.7554
25849.25,25921.289800000002
25849.25,25926.489299999997
25849.25,25919.6503
25849.25,25916.128100000005
25849.25,25933.426800000005
25849.25,25918.9205
25849.25,25933.943700000003
25849.25,25913.9853
25849.25,25925.101199999997
25849.25,25910.1619
25849.25,25905.611100000002
25849.25,25914.759000000002
25849.25,25915.180899999996
25849.25,25930.7659
25849.25,25910.7235
25849.25,25910.4943
25849.25,25919.444400000004
25849.25,25903.414099999995
25849.25,25907.4895
25849.25,25927.098199999997
25849.25,25921.926799999997
25849.25,25911.866599999998
25849.25,25914.913499999995
25849.25,25920.1966
25849.25,25912.4329
25849.25,25911.826299999997
25849.25,25924.370300000002
25849.25,25920.776800000003
25849.25,25925.203399999995
25849.25,25920.100199999997
25849.25,25906.803900000003
25849.25,25927.198399999997
25849.25,25920.2229
25849.25,25920.741599999998
25849.25,25913.521899999996
25849.25,25906.1018
25849.25,25922.3182
25849.25,25902.1885
25849.25,25935.7273
25849.25,25905.5136
25849.25,25927.3414
25849.25,25931.176400000004
25849.25,25915.7321
25849.25,25914.986
25849.25,25909.7973
25849.25,25920.5293
25849.25,25916.8606
25849.25,25922.670699999995
25849.25,25916.0781
25849.25,25911.407299999995
25849.25,25923.456000000002
25849.25,25905.6276
25849.25,25935.5608
25849.25,25901.9216
25849.25,25911.980600000003
25849.25,25918.9633
25849.25,25922.5684
25849.25,25919.7221
25849.25,25940.969299999997
25849.25,25916.819
25849.25,25918.1769
25849.25,25919.913300000004
25849.25,25904.127300000004
25849.25,25912.0824
25849.25,25909.566600000002
25849.25,25929.050800000005
25849.25,25925.0049
25849.25,25907.7004
25849.25,25910.142499999998
25849.25,25914.021
25849.25,25918.9649
25849.25,25916.100400000003
25849.25,25920.714
25849.25,25933.9864
25849.25,25906.8243
25849.25,25910.076800000003
25849.25,25928.382
25849.25,25914.8673
25849.25,25918.027899999997
25849.25,25906.6098
25849.25,25907.924799999997
25849.25,25938.878800000002
25849.25,25925.715000000004
25849.25,25930.245099999993
25849.25,25906.93
25849.25,25923.5344
25849.25,25918.477799999997
25849.25,25914.898399999995
25849.25,25907.727199999998
25849.25,25915.6394
25849.25,25908.6552
25849.25,25923.754799999995
25849.25,25916.831899999997
25849.25,25921.2261
25849.25,25911.532499999998
25849.25,25921.3315
25849.25,25920.515300000003
25849.25,25904.301599999995
25849.25,25915.6169
25849.25,25912.6591
25849.25,25903.267
25849.25,25915.878600000007
25849.25,25925.7253
25849.25,25920.0836
25849.25,25924.628499999995
25849.25,25927.5339
25849.25,25919.823900000003
25849.25,25910.2409
25849.25,25915.5768
25849.25,25906.523100000002
25849.25,25910.516300000003
25849.25,25930.9315
25849.25,25923.2964
25849.25,25929.0697
25849.25,25916.0939
25849.25,25914.655600000002
25849.25,25910.8817
25849.25,25900.580500000004
25849.25,25919.382700000002
25849.25,25921.9487
25849.25,25948.3758
25849.25,25939.7413
25849.25,25926.001800000002
25849.25,25921.703400000006
25849.25,25913.0278
25849.25,25900.5456
25849.25,25921.341600000003
25849.25,25907.0271
25849.25,25913.537999999997
25849.25,25904.901999999995
25849.25,25933.2085
25849.25,25928.106299999996
25849.25,25915.490299999998
25849.25,25925.264199999998
25849.25,25921.856200000002
25849.25,25927.141300000003
25849.25,25915.2626
25849.25,25916.921
25849.25,25941.240199999997
25849.25,25919.260199999997
25849.25,25939.5293
25849.25,25904.313999999995
25849.25,25905.846200000007
25849.25,25901.410800000005
25849.25,25910.619
25849.25,25911.4597
25849.25,25909.972400000002
25849.25,25922.5632
25849.25,25937.726499999993
25849.25,25922.716699999997
25849.25,25917.305200000003
25849.25,25915.255299999997
25849.25,25910.2146
25849.25,25916.8391
25849.25,25922.5814
25849.25,25911.395700000005
25849.25,25936.0551
25849.25,25926.843199999996
25849.25,25933.989
25849.25,25916.802799999998
25849.25,25927.640699999996
25849.25,25917.4037
25849.25,25909.514000000003
25849.25,25903.189300000005
25849.25,25915.1621
25849.25,25909.2961
25849.25,25915.5101
25849.25,25917.956599999998
25849.25,25898.292999999998
25849.25,25917.215799999998
25849.25,25923.4774
25849.25,25910.789600000004
25849.25,25915.9683
25849.25,25918.6215
25849.25,25919.603799999993
25849.25,25922.023200000003
25849.25,25928.6961
25849.25,25939.283499999998
25849.25,25921.75969999999
25849.25,25928.661300000003
25849.25,25922.577799999995
25849.25,25912.651
25849.25,25921.060900000004
25849.25,25902.348300000005
25849.25,25924.890700000004
25849.25,25914.0232
25849.25,25900.5275
25849.25,25914.406500000005
25849.25,25914.552800000005
25849.25,25922.7176
25849.25,25899.3582
25849.25,25914.191199999997
25849.25,25926.748700000004
25849.25,25909.483
25849.25,25905.4838
25849.25,25919.4384
25849.25,25916.5121
25849.25,25911.778
25849.25,25921.807900000003
25849.25,25923.0589
25849.25,25918.357899999995
25849.25,25914.285799999998
25849.25,25914.731799999998
25849.25,25926.942000000003
25849.25,25911.2832
25849.25,25919.313499999997
25849.25,25909.4591
25849.25,25898.299400000004
25849.25,25919.787300000004
25849.25,25913.7982
25849.25,25905.2823
25849.25,25915.056099999998
25849.25,25920.344999999994
25849.25,25923.8807
25849.25,25908.001
25849.25,25913.867400000003
25849.25,25910.2459
25849.25,25920.1347
25849.25,25918.731699999997
25849.25,25918.4839
25849.25,25914.043500000003
25849.25,25919.5188
25849.25,25915.433299999997
25849.25,25920.3001
25849.25,25904.916100000002
25849.25,25914.8431
25849.25,25911.344000000005
25849.25,25928.128
25849.25,25920.4789
25849.25,25919.327200000003
25849.25,25925.339
25849.25,25913.852899999994
25849.25,25912.903500000008
25849.25,25904.9483
25849.25,25920.190799999997
25849.25,25910.8821
25849.25,25924.739500000003
25849.25,25917.354499999998
25849.25,25924.851700000003
25849.25,25913.040300000004
25849.25,25908.979299999995
25849.25,25911.259600000005
25849.25,25926.8485
25849.25,25918.7526
25849.25,25913.986600000004
25849.25,25951.552399999997
25849.25,25905.142200000002
25849.25,25905.3865
25849.25,25904.995300000002
25849.25,25912.800500000005
25849.25,25928.0438
25849.25,25897.2482
25849.25,25898.4659
25849.25,25914.5778
25849.25,25919.416599999997
25849.25,25889.803300000003
25849.25,25910.713300000003
25849.25,25935.6224
25849.25,25927.4723
25849.25,25934.011300000002
25849.25,25916.534200000002
25849.25,25905.023999999998
25849.25,25911.1123
25849.25,25913.119599999998
25849.25,25907.794800000003
25849.25,25909.5801
25849.25,25914.993
25849.25,25909.279699999996
25849.25,25899.006500000003
25849.25,25924.115700000002
25849.25,25911.139799999997
25849.25,25918.635699999995
25849.25,25935.365500000004
25849.25,25901.287799999995
25849.25,25894.432699999998
25849.25,25935.725599999998
25849.25,25927.271899999996
25849.25,25931.036200000002
25849.25,25903.5434
25849.25,25928.264600000002
25849.25,25912.563999999995
25849.25,25923.9867
25849.25,25922.441700000003
25849.25,25912.301
25849.25,25916.9395
25849.25,25907.9041
25849.25,25919.828
25849.25,25953.0378
25849.25,25919.621999999996
25849.25,25919.696699999997
25849.25,25918.3425
25849.25,25917.336000000003
25849.25,25902.385499999997
25849.25,25918.021400000005
25849.25,25911.030399999996
25849.25,25913.4467
25849.25,25925.358799999998
25849.25,25911.824799999995
25849.25,25903.241199999997
25849.25,25910.541399999995
25849.25,25928.3113
25849.25,25908.528599999998
25849.25,25924.051
25849.25,25919.3571
25849.25,25923.967300000004
25849.25,25917.3867
25849.25,25939.858100000005
25849.25,25902.3416
25849.25,25923.929799999998
25849.25,25914.648499999996
25849.25,25913.775499999996
25849.25,25906.8492
25849.25,25910.021800000006
25849.25,25920.242599999998
25849.25,25898.807200000003
25849.25,25901.3384
25849.25,25918.486
25849.25,25915.749200000006
25849.25,25908.6499
25849.25,25902.0075
25849.25,25920.6079
25849.25,25903.788699999997
25849.25,25928.5757
25849.25,25927.4292
25849.25,25922.9114
25849.25,25918.724599999998
25849.25,25941.0921
25849.25,25904.268699999997
25849.25,25928.828499999996
25849.25,25920.558600000004
25849.25,25920.818400000004
25849.25,25903.3524
25849.25,25920.7962
25849.25,25919.084200000005
25849.25,25912.0131
25849.25,25937.1219
25849.25,25914.182200000003
25849.25,25912.149
25849.25,25914.7895
25849.25,25923.528299999998
25849.25,25904.988699999994
25849.25,25912.881999999994
25849.25,25924.356999999996
25849.25,25922.5812
25849.25,25924.5296
25849.25,25904.389699999996
25849.25,25928.464400000004
25849.25,25902.295999999995
25849.25,25912.810600000004
25849.25,25931.994499999997
25849.25,25925.0942
25849.25,25912.868100000003
25849.25,25914.167899999993
25849.25,25909.1677
25849.25,25904.8734
25849.25,25909.860699999997
25849.25,25923.2697
25849.25,25932.0378
25849.25,25899.859
25849.25,25906.507899999997
25849.25,25919.2947
25849.25,25924.539300000004
25849.25,25909.4796
25849.25,25919.899699999994
25849.25,25922.5321
25849.25,25914.680799999995
25849.25,25915.7746
25849.25,25902.7879
25849.25,25928.357399999997
25849.25,25919.7192
25849.25,25915.838499999998
25849.25,25912.1061
25849.25,25925.992300000005
25849.25,25912.686299999998
25849.25,25922.161499999995
25849.25,25922.670000000002
25849.25,25914.3059
25849.25,25928.5077
25849.25,25914.567
25849.25,25910.069000000003
25849.25,25905.97129999999
25849.25,25927.5586
25849.25,25921.791200000003
25849.25,25907.5372
25849.25,25904.702500000003
25849.25,25939.2352
25849.25,25905.368600000005
25849.25,25929.126500000002
25849.25,25913.007800000003
25849.25,25907.2476
25849.25,25911.5215
25849.25,25897.4447
25849.25,25943.783399999997
25849.25,25930.059999999998
25849.25,25925.605100000004
25849.25,25950.8165
25849.25,25933.339100000005
25849.25,25910.010499999997
25849.25,25921.7024
25849.25,25914.008200000004
25849.25,25925.274100000002
25849.25,25920.1469
25849.25,25917.9824
25849.25,25912.670100000003
25849.25,25921.788900000003
25849.25,25903.4873
25849.25,25904.182600000004
25849.25,25920.8629
25849.25,25923.596500000003
25849.25,25911.614999999998
25849.25,25905.185999999994
25849.25,25918.858399999997
25849.25,25943.9115
25849.25,25913.809199999996
25849.25,25921.8056
25849.25,25917.789399999998
25849.25,25910.508299999994
25849.25,25925.631200000003
25849.25,25910.575299999997
25849.25,25920.4387
25849.25,25904.907399999996
25849.25,25916.6663
25849.25,25909.8393
25849.25,25908.0855
25849.25,25934.615500000004
25849.25,25922.6136
25849.25,25912.255599999997
25849.25,25939.946999999993
25849.25,25917.963300000007
25849.25,25943.975899999998
25849.25,25930.3062
25849.25,25916.0155
25849.25,25909.153399999992
25849.25,25933.4641
25849.25,25953.187
25849.25,25917.000300000003
25849.25,25924.304699999997
25849.25,25907.713499999998
25849.25,25899.9559
25849.25,25920.2094
25849.25,25930.954400000002
25849.25,25917.817600000002
25849.25,25912.056
25849.25,25900.670699999995
25849.25,25925.572200000002
25849.25,25937.875999999997
25849.25,25913.3546
25849.25,25905.332100000003
25849.25,25906.610500000003
25849.25,25910.3377
25849.25,25892.494299999995
25849.25,25911.719400000005
25849.25,25927.491100000003
25849.25,25925.269699999997
25849.25,25905.013799999997
25849.25,25926.8821
25849.25,25926.6459
25849.25,25928.200999999997
25849.25,25912.137
25849.25,25911.8793
25849.25,25915.2907
25849.25,25924.323099999998
25849.25,25908.801
25849.25,25904.978400000004
25849.25,25937.7507
25849.25,25912.868599999994
25849.25,25930.092900000003
25849.25,25912.321399999993
25849.25,25932.906699999996
25849.25,25934.4024
25849.25,25923.900700000006
25849.25,25910.2777
25849.25,25929.768900000003
25849.25,25917.4578
25849.25,25932.7272
25849.25,25925.109100000005
25849.25,25912.1349
25849.25,25922.517900000003
25849.25,25923.586500000005
25849.25,25934.1334
25849.25,25923.250900000003
25849.25,25915.5966
25849.25,25921.051199999998
25849.25,25908.4814
25849.25,25924.2607
25849.25,25913.3532
25849.25,25909.0905
25849.25,25911.432399999998
25849.25,25924.658499999998
25849.25,25953.0179
25849.25,25902.5836
25849.25,25907.706799999996
25849.25,25931.3411
25849.25,25925.0327
25849.25,25918.4378
25849.25,25904.227499999997
25849.25,25912.792299999997
25849.25,25906.7762
25849.25,25919.0068
25849.25,25915.2773
25849.25,25910.067499999997
25849.25,25920.270499999995
25849.25,25897.104999999992
25849.25,25922.518299999992
25849.25,25919.945499999994
25849.25,25916.793899999997
25849.25,25918.5041
25849.25,25917.522900000004
25849.25,25913.444900000002
25849.25,25908.6365
25849.25,25937.341799999995
25849.25,25920.282199999994
25849.25,25920.072599999996
25849.25,25926.174500000005
25849.25,25914.9223
25849.25,25921.3048
25849.25,25900.081
25849.25,25926.2682
25849.25,25927.443000000003
25849.25,25917.310600000004
25849.25,25907.9164
25849.25,25934.124399999997
25849.25,25924.669100000003
25849.25,25920.1627
25849.25,25902.922799999997
25849.25,25908.6054
25849.25,25911.325100000002
25849.25,25917.1901
25849.25,25914.2051
