40183.5,100463.414
36773.0,53985.89121756487
36773.0,51685.45209580839
33976.0,49646.46506986028
32024.5,47938.90319361277
32024.5,46850.566866267465
31008.0,46318.394211576844
29849.5,45407.841317365266
29849.5,44650.438123752494
29849.5,43599.49600798403
29849.5,42913.65269461078
29378.0,41980.3123752495
28104.5,41594.77245508982
28104.5,40919.747504990024
28104.5,40586.62375249501
28104.5,40334.51996007984
28104.5,40084.34530938124
28104.5,40190.299401197604
28104.5,39497.68562874252
28104.5,39212.796407185626
27773.0,39018.2125748503
27773.0,38619.059880239525
27773.0,38716.439121756484
27773.0,38038.5249500998
27773.0,37742.03892215569
27333.5,37155.18063872255
27333.5,37080.202594810384
27333.5,36568.204590818365
27059.5,36064.41516966068
27059.5,36039.94610778443
27059.5,36121.528942115765
27059.5,36040.48103792415
27059.5,36166.13473053892
27059.5,36016.300399201595
27039.0,35897.67065868263
27016.5,36073.58982035928
27016.5,36468.94111776447
27016.5,36782.390219560875
26958.0,36918.17764471058
26958.0,37393.292415169664
26958.0,36993.8992015968
26958.0,37611.90518962076
26958.0,37186.38123752495
26958.0,37633.99301397205
26915.5,37624.69161676647
26915.5,37836.58982035928
26915.5,37821.89820359281
26894.0,37725.66367265469
26894.0,37942.701596806386
26652.0,37948.23153692615
26652.0,37419.5499001996
26652.0,37169.77744510978
26652.0,36958.0379241517
26652.0,36479.33033932136
26471.5,36114.118762475046
26471.5,36015.76646706587
26471.5,35908.5499001996
26471.5,35498.894211576844
26471.5,34862.91916167665
26471.5,34532.63972055888
26471.5,34720.37325349302
26471.5,34993.292415169664
26456.5,35265.30838323353
26456.5,35212.03293413174
26456.5,35315.09381237525
26456.5,35750.09880239521
26456.5,35728.17065868263
26456.5,35347.428143712576
26220.0,35552.35628742515
26220.0,35512.85928143712
26220.0,35447.90419161676
26220.0,35311.19660678643
26220.0,35060.77045908183
26024.5,34770.755489021954
26024.5,34592.73253493014
26024.5,34113.12574850299
26024.5,34223.19061876248
26024.5,34124.433133732535
26024.5,34091.22954091816
26024.5,34271.617764471055
25890.0,34549.69760479042
25890.0,34555.32235528942
25890.0,33826.4630738523
25890.0,33743.50598802396
25890.0,33334.22754491018
25890.0,33099.4870259481
25890.0,33407.72854291418
25890.0,33395.849301397204
25890.0,33397.334331337326
25890.0,33120.74251497006
25838.5,33158.82335329341
25838.5,33434.90718562874
25838.5,33940.77045908184
25838.5,34284.30139720559
25838.5,34067.31437125748
25838.5,34278.17365269461
25838.5,34414.656686626746
25838.5,34910.117764471055
25838.5,34846.12075848303
25838.5,35233.426147704595
25838.5,34819.85628742515
25838.5,34659.97604790419
25838.5,34473.21357285429
25838.5,34466.667664670655
25838.5,34617.0129740519
25838.5,34640.44810379241
25838.5,34686.517964071856
25838.5,34434.5628742515
25838.5,34198.298403193614
25838.5,34528.194610778446
25838.5,34574.156686626746
25838.5,34304.61976047904
25838.5,34263.63273453094
25838.5,33970.64471057884
25838.5,33275.23453093812
25838.5,33003.116766467065
25837.0,32746.568862275453
25837.0,32262.96606786427
25837.0,31459.824351297404
25837.0,31372.835329341317
25837.0,31300.434131736525
25837.0,30409.42714570858
25837.0,30394.32035928144
25837.0,30228.00399201597
25837.0,29821.22255489022
25837.0,29568.675648702596
25837.0,29388.566866267465
25837.0,29122.77844311377
25837.0,29278.379241516966
25837.0,29504.469061876247
25837.0,29101.85129740519
25837.0,28808.191616766468
25837.0,28652.666666666664
25837.0,28555.972055888225
25837.0,28443.27844311377
25837.0,28125.388223552894
25837.0,28289.875249500998
25837.0,28142.1377245509
25837.0,28084.664670658683
25837.0,27873.114770459084
25837.0,27747.253493013974
25837.0,27476.800399201595
25837.0,27407.67365269461
25837.0,27235.081836327343
25837.0,26990.17764471058
25837.0,26839.596806387224
25837.0,26736.602794411177
25837.0,26550.649700598802
25837.0,26701.51497005988
25837.0,26726.347305389223
25837.0,26683.75249500998
25837.0,26909.196606786427
25837.0,26955.50399201597
25837.0,27132.908183632735
25837.0,27320.14471057884
25837.0,27656.38622754491
25837.0,27827.385229540916
25837.0,27404.465069860278
25837.0,27257.165668662674
25837.0,26959.387225548904
25837.0,26275.155688622755
25837.0,26087.47604790419
25837.0,26290.9750499002
25837.0,26132.92115768463
25837.0,26266.755489021954
25837.0,26356.876247504988
25837.0,26120.3123752495
25837.0,26188.398203592813
25837.0,26296.13972055888
25837.0,26278.333333333332
25837.0,26255.0878243513
25837.0,26227.103792415168
25837.0,26337.790419161676
25837.0,26497.03992015968
25837.0,26311.530938123753
25837.0,26447.82035928144
25837.0,26456.973053892216
25837.0,26146.17964071856
25837.0,26428.501996007984
25837.0,26382.051896207584
25837.0,26376.096806387228
25837.0,26250.764471057882
25837.0,26616.44510978044
25837.0,26507.962075848303
25837.0,26611.556886227547
25837.0,26730.245508982036
25837.0,26881.76846307385
25837.0,26972.12375249501
25837.0,27125.57884231537
25837.0,27259.86526946108
25837.0,27104.670658682633
25837.0,27404.409181636725
25837.0,27081.859281437126
25837.0,26783.11776447106
25837.0,26335.27245508982
25837.0,26380.72355289421
25837.0,26203.25249500998
25837.0,26195.241516966067
25837.0,26173.98403193613
25837.0,26306.014970059878
25837.0,26163.474051896206
25837.0,26270.165668662674
25837.0,26200.241516966067
25837.0,26230.398203592813
25837.0,26330.025948103794
25837.0,26175.333333333332
25837.0,26097.82634730539
25837.0,26256.640718562874
25837.0,26290.171656686627
25837.0,26256.833333333336
25837.0,26206.71756487026
25837.0,26277.78243512974
25837.0,26300.013972055887
25837.0,26333.893213572854
25837.0,26203.81636726547
25837.0,26492.697604790417
25837.0,26329.185628742514
25837.0,26375.58982035928
25837.0,26396.279441117764
25837.0,26428.23153692615
25837.0,26581.532934131737
25837.0,26461.968063872257
25837.0,26666.802395209583
25837.0,26671.386227544914
25837.0,26840.85628742515
25837.0,26950.44011976048
25837.0,27089.319361277445
25837.0,27210.111776447106
25837.0,27322.41117764471
25837.0,27305.112774451096
25837.0,26792.601796407187
25837.0,26385.486027944113
25837.0,26200.641716566868
25837.0,26074.941117764472
25837.0,26014.308383233532
25837.0,25955.230538922155
25837.0,26113.422155688626
25837.0,26281.919161676647
25837.0,26145.876247504988
25837.0,26099.50399201597
25837.0,26145.344311377245
25837.0,26068.05089820359
25837.0,26155.659680638724
25837.0,26143.58383233533
25837.0,26244.298403193614
25837.0,26107.607784431137
25837.0,26257.943113772453
25837.0,26084.944111776447
25837.0,26290.147704590818
25837.0,26237.78143712575
25837.0,26140.947105788422
25837.0,26275.105788423156
25837.0,26170.2754491018
25837.0,26151.125748502993
25837.0,26354.91417165669
25837.0,26127.888223552894
25837.0,26332.23153692615
25837.0,26331.86526946108
25837.0,26466.2624750499
25837.0,26231.066866267465
25837.0,26203.21756487026
25837.0,26216.7624750499
25837.0,26042.809381237523
25837.0,26157.18363273453
25837.0,26316.340319361276
25837.0,26127.660678642715
25837.0,26228.248502994014
25837.0,26116.358283433132
25837.0,26226.988023952093
25837.0,26060.714570858283
25837.0,26112.536926147703
25837.0,26198.54590818363
25837.0,26123.140718562874
25837.0,26122.001996007984
25837.0,26149.8123752495
25837.0,26096.555888223553
25837.0,26100.257485029942
25837.0,26255.80139720559
25837.0,26299.010978043912
25837.0,26081.604790419162
25837.0,26347.599800399203
25837.0,26234.40119760479
25837.0,26467.82634730539
25837.0,26256.206586826345
25837.0,26197.424151696607
25837.0,26365.50499001996
25837.0,26483.824351297408
25837.0,26203.249500998005
25837.0,26234.453093812375
25837.0,26003.95608782435
25837.0,26163.114770459084
25837.0,26160.968063872257
25837.0,26037.36127744511
25837.0,26092.7125748503
25837.0,26110.839321357285
25837.0,26003.828343313373
25837.0,26081.7754491018
25837.0,26244.062874251496
25837.0,26110.784431137727
25837.0,26033.067864271456
25837.0,26087.656686626746
25837.0,26178.7255489022
25837.0,26235.90219560878
25837.0,26176.240518962077
25837.0,26143.925149700597
25837.0,26161.417165668663
25837.0,26337.37025948104
25837.0,26241.245508982036
25837.0,26200.208582834333
25837.0,26282.655688622755
25837.0,26291.350299401198
25837.0,26572.883233532935
25837.0,26372.41017964072
25837.0,26567.483033932134
25837.0,26662.146706586827
25837.0,26700.2624750499
25837.0,26840.022954091815
25837.0,26870.576846307384
25837.0,27089.462075848303
25837.0,26875.783433133733
25837.0,26851.938123752494
25837.0,26615.235528942118
25837.0,26156.161676646705
25837.0,26094.08483033932
25837.0,26025.368263473054
25837.0,26119.90219560878
25837.0,26042.344311377245
25837.0,25996.387225548904
25837.0,25969.839321357285
25837.0,26109.65868263473
25837.0,26008.125748502993
25837.0,26052.488023952093
25837.0,25977.422155688622
25837.0,26067.49500998004
25837.0,26115.334331337326
25837.0,26092.72355289421
25837.0,25924.44910179641
25837.0,26010.84131736527
25837.0,26056.22854291417
25837.0,26123.59381237525
25837.0,26185.54790419162
25837.0,25997.05089820359
25837.0,26020.501996007984
25837.0,26037.49500998004
25837.0,25954.35628742515
25837.0,25979.21856287425
25837.0,26062.880239520957
25837.0,26030.974051896206
25837.0,26014.473053892216
25837.0,26069.92115768463
25837.0,25972.83233532934
25837.0,26048.201596806386
25837.0,26005.32734530938
25837.0,26013.47105788423
25837.0,26030.958083832335
25837.0,26002.924151696607
25837.0,26085.596806387228
25837.0,26029.977045908185
25837.0,26153.206586826345
25837.0,26006.171656686623
25837.0,25934.58982035928
25837.0,25941.90219560878
25837.0,26098.465069860278
25837.0,25933.56886227545
25837.0,25944.487025948103
25837.0,25946.213572854293
25837.0,25984.68662674651
25837.0,26044.22754491018
25837.0,26132.38622754491
25837.0,26093.878243512976
25837.0,25980.96007984032
25837.0,26063.050898203594
25837.0,25922.161676646705
25837.0,26004.349301397204
25837.0,26036.442115768463
25837.0,26281.542914171656
25837.0,26132.653692614767
25837.0,26062.546906187625
25837.0,25996.95109780439
25837.0,26054.847305389223
25837.0,25925.635728542915
25837.0,26007.258483033933
25837.0,26019.82734530938
25837.0,26065.53892215569
25837.0,25999.90918163673
25837.0,26108.95508982036
25837.0,25967.91616766467
25837.0,26201.17764471058
25837.0,26150.581836327347
25837.0,26010.105788423152
25837.0,26107.709580838324
25837.0,26128.052894211578
25837.0,26187.59081836327
25837.0,26092.36526946108
25837.0,25993.381237524947
25837.0,25929.140718562874
25837.0,25957.611776447106
25837.0,26025.28243512974
25837.0,26032.09780439122
25837.0,26154.50099800399
25837.0,26020.90119760479
25837.0,26159.712574850302
25837.0,26040.13373253493
25837.0,25969.742514970058
25837.0,25987.977045908185
25837.0,25940.369261477048
25837.0,26020.81636726547
25837.0,25946.657684630736
25837.0,26096.377245508982
25837.0,26050.482035928144
25837.0,26072.516966067866
25837.0,26127.899201596807
25837.0,26028.041916167665
25837.0,26053.730538922155
25837.0,26225.620758483034
25837.0,26112.1876247505
25837.0,26126.47604790419
25837.0,25934.62774451098
25837.0,26065.552894211578
25837.0,26033.16766467066
25837.0,26036.360279441116
25837.0,26125.876247504988
25837.0,26079.691616766468
25837.0,25932.26846307385
25837.0,25980.617764471055
25837.0,26084.433133732535
25837.0,26249.378243512976
25837.0,25985.095808383234
25837.0,25922.194610778442
25837.0,26072.71856287425
25837.0,26000.474051896206
25837.0,26108.86327345309
25837.0,26040.241516966067
25837.0,25982.942115768463
25837.0,25965.32135728543
25837.0,25992.48003992016
25837.0,26018.878243512976
25837.0,26209.22355289421
25837.0,26075.843313373254
25837.0,26153.288423153695
25837.0,26130.942115768463
25837.0,25940.565868263475
25837.0,26068.45409181637
25837.0,26073.466067864272
25837.0,26058.570858283434
25837.0,25984.254491017964
25837.0,26010.00399201597
25837.0,26076.308383233532
25837.0,26028.184630738524
25837.0,26009.00499001996
25837.0,26007.266467065867
25837.0,26122.895209580838
25837.0,26146.621756487024
25837.0,25955.08582834331
25837.0,26000.474051896206
25837.0,26197.82734530938
25837.0,26132.45508982036
25837.0,25937.31337325349
25837.0,26143.205588822355
25837.0,26003.90918163673
25837.0,26022.99600798403
25837.0,26001.200598802396
25837.0,25940.59780439122
25837.0,26199.523952095806
25837.0,25988.007984031938
25837.0,26157.112774451096
25837.0,25991.6377245509
25837.0,26101.399201596807
25837.0,25983.492015968062
25837.0,25967.38622754491
25837.0,26023.071856287424
25837.0,25973.063872255487
25837.0,25993.060878243512
25837.0,26022.54491017964
25837.0,26000.798403193614
25837.0,26137.43512974052
25837.0,26061.381237524947
25837.0,26142.903193612776
25837.0,26035.012974051897
25837.0,26079.433133732535
25837.0,25999.127744510977
25837.0,26048.18363273453
25837.0,26079.611776447106
25837.0,25972.920159680638
25837.0,26050.631736526946
25837.0,26049.384231536926
25837.0,26158.04890219561
25837.0,26000.09281437126
25837.0,25965.933133732535
25837.0,26168.12874251497
25837.0,25968.670658682633
25837.0,26092.814371257482
25837.0,26050.666666666664
25837.0,26332.17864271457
25837.0,26023.387225548904
25837.0,25985.725548902195
25837.0,26032.258483033933
25837.0,26103.555888223553
25837.0,26035.04890219561
25837.0,26114.944111776447
25837.0,26087.108782435127
25837.0,26093.263473053892
25837.0,26170.23253493014
25837.0,26067.789421157686
25837.0,26066.04790419162
25837.0,25988.254491017964
25837.0,26076.28243512974
25837.0,26116.904191616766
25837.0,26134.214570858283
25837.0,26078.42614770459
25837.0,25987.831337325348
25837.0,25999.757485029942
25837.0,26076.290419161676
25837.0,26034.82335329341
25837.0,26067.101796407187
25837.0,26238.126746506987
25837.0,26161.833333333336
25837.0,26070.41616766467
25837.0,26112.644710578843
25837.0,25926.09780439122
25837.0,25972.169660678643
25837.0,26009.1377245509
25837.0,26195.658682634734
25837.0,26049.744510978046
25837.0,26070.900199600797
25837.0,25965.85728542914
25837.0,26152.825349301398
25837.0,26131.015968063875
25837.0,26012.86526946108
25837.0,25969.947105788422
25837.0,26011.32734530938
25837.0,26089.23353293413
25837.0,25902.443113772453
25837.0,26056.704590818365
25837.0,26033.18363273453
25837.0,26064.32035928144
25837.0,25991.67764471058
25837.0,26023.547904191615
25837.0,26081.025948103794
25837.0,26061.260479041917
25837.0,25952.139720558884
25837.0,25965.152694610777
25837.0,26102.066866267465
25837.0,25973.513972055887
25837.0,25919.788423153692
25837.0,26202.977045908185
25837.0,25967.596806387224
25837.0,26071.44510978044
25837.0,26021.850299401198
25837.0,25996.86027944112
25837.0,25937.52894211577
25837.0,25981.953093812375
25837.0,25994.963073852297
25837.0,26037.798403193614
25837.0,25994.04391217565
25837.0,25960.248502994014
25837.0,26053.657684630736
25837.0,26020.47105788423
25837.0,26126.17764471058
25837.0,26012.784431137727
25837.0,26094.43113772455
25837.0,26088.464071856288
25837.0,26042.71756487026
25837.0,26130.31337325349
25837.0,26178.165668662674
25837.0,26080.94510978044
25837.0,26181.45209580838
25837.0,25977.123752495012
25837.0,26073.753493013974
25837.0,26005.4500998004
25837.0,26007.438123752494
25837.0,26209.00998003992
25837.0,25991.427145708585
25837.0,26119.44610778443
25837.0,26167.280439121758
25837.0,26118.620758483034
25837.0,25947.507984031938
25837.0,26174.425149700597
25837.0,25975.27744510978
25837.0,25951.651696606787
25837.0,26114.2754491018
25837.0,25996.591816367265
25837.0,26060.89021956088
25837.0,26188.04790419162
25837.0,26012.168662674652
25837.0,26037.800399201595
25837.0,26077.95708582834
25837.0,26245.605788423156
25837.0,26023.181636726546
25837.0,25962.794411177645
25837.0,25962.422155688622
25837.0,26090.551896207588
25837.0,26114.025948103794
25837.0,26071.50099800399
25837.0,25994.965069860278
25837.0,25940.61477045908
25837.0,26090.773453093814
25837.0,26134.191616766468
25837.0,26075.649700598802
25837.0,25962.396207584832
25837.0,25965.758483033933
25837.0,25998.00499001996
25837.0,26008.438123752494
25837.0,26120.982035928144
25837.0,26061.206586826345
25837.0,26051.434131736525
25837.0,26006.601796407187
25837.0,25972.32634730539
25837.0,26094.36726546906
25837.0,26171.08982035928
25837.0,26022.920159680638
25837.0,26044.175648702596
25837.0,26078.988023952097
25837.0,26023.899201596807
25837.0,26075.17764471058
25837.0,26189.898203592813
25837.0,26107.095808383234
25837.0,26108.95209580838
25837.0,26006.785429141717
25837.0,25972.576846307384
25837.0,25970.59381237525
25837.0,26017.104790419162
25837.0,26034.17764471058
25837.0,25990.968063872257
25837.0,26078.489021956088
25837.0,26039.396207584832
25837.0,26088.37125748503
25837.0,26142.38522954092
25837.0,26156.917165668663
25837.0,25947.04391217565
25837.0,26112.477045908185
25837.0,26019.41117764471
25837.0,26082.604790419162
25837.0,26013.082834331337
25837.0,26011.928143712576
25837.0,26062.479041916165
25837.0,26025.419161676647
25837.0,26072.22155688623
25837.0,26127.209580838324
25837.0,26116.46606786427
25837.0,25988.81736526946
25837.0,26142.91516966068
25837.0,25994.08383233533
25837.0,26007.75748502994
25837.0,26059.303393213573
25837.0,25983.897205588823
25837.0,25979.424151696607
25837.0,26125.551896207584
25837.0,26092.238522954092
25837.0,26129.68363273453
25837.0,26257.021956087825
25837.0,26184.130738522952
25837.0,26132.002994011975
25837.0,26032.230538922155
25837.0,25945.67265469062
25837.0,25992.68163672655
25837.0,26015.779441117764
25837.0,26008.23053892216
25837.0,26007.670658682633
25837.0,26147.185628742514
25837.0,26148.443113772453
25837.0,26067.67764471058
25837.0,26044.646706586827
25837.0,25981.864271457085
25837.0,25968.616766467065
25837.0,26047.96606786427
25837.0,26086.42115768463
25837.0,26092.115768463074
25837.0,25986.525948103794
25837.0,26121.159680638724
25837.0,26016.86427145709
25837.0,26055.81736526946
25837.0,26032.47604790419
25837.0,26014.0499001996
25837.0,25907.89021956088
25837.0,26110.229540918164
25837.0,26046.462075848303
25837.0,25944.100798403193
25837.0,26037.90618762475
25837.0,26034.8622754491
25837.0,26094.24351297405
25837.0,26054.2624750499
25837.0,25960.41017964072
25837.0,26179.30638722555
25837.0,25978.07884231537
25837.0,26114.831337325348
25837.0,26031.640718562874
25837.0,26052.01596806387
25837.0,26047.603792415168
25837.0,25962.79241516966
25837.0,26145.146706586827
25837.0,26180.353293413173
25837.0,26050.532934131737
25837.0,26100.438123752494
25837.0,26221.01996007984
25837.0,26099.017964071856
25837.0,26102.736526946108
25837.0,26076.883233532935
25837.0,26026.112774451096
25837.0,26061.295409181635
25837.0,26106.854291417167
25837.0,26161.41516966068
25837.0,26025.939121756484
25837.0,26041.65868263473
25837.0,26038.214570858283
25837.0,25992.91616766467
25837.0,26040.785429141717
25837.0,26141.949101796406
25837.0,26131.022954091815
25837.0,26043.213572854293
25837.0,25989.492015968062
25837.0,26021.983033932134
25837.0,26029.166666666664
25837.0,26054.993013972056
25837.0,26055.72754491018
25837.0,26111.488023952093
25837.0,26070.200598802396
25837.0,26094.98003992016
25837.0,26098.382235528945
25837.0,25962.741516966067
25837.0,26088.469061876247
25837.0,26010.307385229542
25837.0,25997.600798403193
25837.0,25965.380239520957
25837.0,26085.32634730539
25837.0,26131.76646706587
25837.0,26166.021956087825
25837.0,26061.011976047907
25837.0,25974.062874251496
25837.0,26084.875249500998
25837.0,26124.536926147703
25837.0,26043.75748502994
25837.0,26095.576846307384
25837.0,25966.491017964072
25837.0,26005.944111776444
25837.0,26227.82135728543
25837.0,26098.669660678643
25837.0,26065.75149700599
25837.0,26029.328343313373
25837.0,26061.14371257485
25837.0,25962.659680638724
25837.0,26090.26846307385
25837.0,26149.833333333336
25837.0,25962.46007984032
25837.0,26092.8622754491
25837.0,26004.10878243513
25837.0,26031.43113772455
25837.0,26152.730538922155
25837.0,25986.73253493014
25837.0,26211.90618762475
25837.0,26157.608782435127
25837.0,26109.928143712576
25837.0,26050.92115768463
25837.0,26075.377245508982
25837.0,25931.87125748503
25837.0,25967.288423153692
25837.0,26045.432135728544
25837.0,26021.88123752495
25837.0,25984.934131736525
25837.0,26079.985029940122
25837.0,26106.245508982036
25837.0,25941.076846307384
25837.0,26069.814371257486
25837.0,26053.164670658683
25837.0,26045.671656686627
25837.0,25980.140718562874
25837.0,25991.0249500998
25837.0,26044.77345309381
25837.0,25941.18862275449
25837.0,25970.9500998004
25837.0,26006.558882235528
25837.0,26034.630738522952
25837.0,26166.26646706587
25837.0,25951.030938123753
25837.0,25979.63572854291
25837.0,26025.339321357285
25837.0,26122.025948103794
25837.0,25978.323353293414
25837.0,26071.833333333336
25837.0,25961.046906187625
25837.0,26047.037924151697
25837.0,26033.50399201597
25837.0,26176.46107784431
25837.0,25982.522954091815
25837.0,26048.612774451096
25837.0,26073.928143712576
25837.0,26089.50499001996
25837.0,26095.216566866267
25837.0,26153.375249500998
25837.0,25982.850299401198
25837.0,25993.894211576848
25837.0,26141.05489021956
25837.0,25972.45109780439
25837.0,25990.7125748503
25837.0,26005.299401197604
25837.0,25963.210578842314
25837.0,26114.377245508982
25837.0,26065.81636726547
25837.0,26090.291417165667
25837.0,26038.051896207588
25837.0,26158.699600798405
25837.0,25988.67864271457
25837.0,26073.122754491018
25837.0,26087.757485029942
25837.0,26104.119760479043
25837.0,26161.191616766468
25837.0,26032.61776447106
25837.0,25997.5499001996
25837.0,26037.917165668663
25837.0,25981.027944111775
25837.0,25964.784431137727
25837.0,25989.00598802395
25837.0,26064.670658682633
25837.0,25980.037924151697
25837.0,26032.68463073852
25837.0,26042.752495009983
25837.0,25985.943113772453
25837.0,26174.110778443115
25837.0,26118.506986027944
25837.0,26012.655688622755
25837.0,26093.427145708585
25837.0,26007.36027944112
25837.0,25940.163672654693
25837.0,26056.299401197604
25837.0,26041.473053892216
25837.0,26069.03892215569
25837.0,26063.065868263475
25837.0,26153.246506986026
25837.0,26058.41117764471
25837.0,26161.013972055887
25837.0,26000.989021956088
25837.0,25941.12974051896
25837.0,26164.184630738524
25837.0,25970.755489021954
25837.0,26189.54590818363
25837.0,25959.799401197604
25837.0,26122.44510978044
25837.0,26067.297405189624
25837.0,26036.72954091816
25837.0,26000.570858283434
25837.0,26016.934131736525
25837.0,25996.04491017964
25837.0,26004.936127744513
25837.0,26032.674650698602
25837.0,26036.18662674651
25837.0,26072.825349301398
25837.0,25953.77145708583
25837.0,26073.24750499002
25837.0,26106.202594810376
25837.0,26110.991017964072
25837.0,25970.948103792416
25837.0,25985.661676646705
25837.0,25930.15868263473
25837.0,26046.341317365266
25837.0,26006.31137724551
25837.0,26050.087824351296
25837.0,26081.27844311377
25837.0,26016.240518962077
25837.0,26011.847305389223
25837.0,26035.704590818365
25837.0,26122.269461077845
25837.0,26041.042914171656
25837.0,26092.45608782435
25837.0,25952.11377245509
25837.0,26057.334331337326
25837.0,25953.522954091815
25837.0,26206.453093812375
25837.0,26075.216566866267
25837.0,26026.308383233532
25837.0,26085.709580838324
25837.0,25925.10978043912
25837.0,26010.748502994014
25837.0,26228.774451097805
25837.0,26004.873253493017
25837.0,26053.115768463074
25837.0,26082.1377245509
25837.0,26196.72854291417
25837.0,26215.85628742515
25837.0,26053.636726546905
25837.0,26184.340319361276
25837.0,26130.852295409182
25837.0,26032.4001996008
25837.0,26073.125748502993
25837.0,26146.225548902195
25837.0,26042.632734530936
25837.0,25997.935129740516
25837.0,26095.18363273453
25837.0,26054.115768463074
25837.0,26033.874251497007
25837.0,26152.730538922155
25837.0,25999.882235528945
25837.0,26043.338323353295
25837.0,26076.758483033933
25837.0,25975.76646706587
25837.0,26024.079840319362
25837.0,25961.392215568863
25837.0,26102.46007984032
25837.0,26033.572854291415
25837.0,25929.295409181635
25837.0,26096.695608782436
25837.0,25992.165668662674
25837.0,26112.650698602796
25837.0,26008.106786427146
25837.0,26139.76846307385
25837.0,26006.111776447106
25837.0,26054.787425149698
25837.0,26115.298403193614
25837.0,26059.348303393213
25837.0,26041.465069860278
25837.0,26002.546906187625
25837.0,26074.711576846308
25837.0,26115.734530938123
25837.0,25963.235528942118
25837.0,25963.340319361276
25837.0,26055.607784431137
25837.0,26056.18363273453
25837.0,26096.283433133733
25837.0,26016.149700598806
25837.0,25926.403193612776
25837.0,26026.161676646705
25837.0,26102.48502994012
25837.0,26079.59780439122
25837.0,26030.56886227545
25837.0,26140.36726546906
25837.0,26035.477045908185
25837.0,26164.130738522952
25837.0,26100.007984031938
25837.0,25992.57385229541
25837.0,26209.76746506986
25837.0,25995.824351297404
25837.0,25885.44610778443
25837.0,26000.08982035928
25837.0,25985.72854291417
25837.0,25980.469061876247
25837.0,25954.508982035928
25837.0,26026.90818363273
25837.0,25982.131736526946
25837.0,26067.851297405192
25837.0,26030.967065868263
25837.0,25995.591816367265
25837.0,25947.788423153692
25837.0,26147.427145708585
25837.0,26031.57285429142
25837.0,26149.895209580838
25837.0,25998.377245508982
25837.0,25963.6876247505
25837.0,25993.436127744513
25837.0,26039.37025948104
25837.0,25993.479041916165
25837.0,25924.165668662674
25837.0,26085.146706586827
25837.0,26035.77145708583
25837.0,26129.27644710579
25837.0,26053.427145708585
25837.0,26076.235528942118
25837.0,26030.035928143712
25837.0,26016.289421157686
25837.0,26060.428143712576
25837.0,26094.850299401198
25837.0,26067.159680638724
25837.0,26112.86526946108
25837.0,26118.7874251497
25837.0,25968.252495009983
25837.0,26086.848303393213
25837.0,26042.924151696607
25837.0,26024.987025948103
25837.0,26084.091816367265
25837.0,25958.18363273453
25837.0,26021.431137724554
25837.0,26055.646706586827
25837.0,25960.95109780439
25837.0,26106.88223552894
25837.0,26081.896207584832
25837.0,25961.66766467066
25837.0,26111.439121756484
25837.0,26064.615768463074
25837.0,26296.26746506986
25837.0,26042.150698602796
25837.0,26032.5499001996
25837.0,26043.33233532934
25837.0,25976.645708582837
25837.0,25990.037924151697
25837.0,26046.7624750499
25837.0,26093.789421157686
25837.0,26167.521956087825
25837.0,26130.61776447106
25837.0,26058.853293413173
25837.0,25995.715568862277
25837.0,26061.00399201597
25837.0,25990.17365269461
25837.0,26064.926147704587
25837.0,26128.41017964072
25837.0,26088.527944111775
25837.0,26076.90718562874
25837.0,26104.368263473054
25837.0,26028.50598802395
25837.0,26045.249500998005
25837.0,25996.646706586827
25837.0,26003.09381237525
25837.0,26191.474051896206
