BestFitnessMean,AverageFitnessMean
50669.7,87587.15160000001
46243.2,78284.8659
42074.5,71322.7334
38779.45,65782.82719999999
37676.9,61049.45340000001
35733.55,56996.425
34283.7,53214.7029
33479.6,50314.84529999999
32937.4,48178.26009999999
31494.45,46473.527599999994
30595.3,45198.82919999999
29936.45,44061.263699999996
29636.55,43122.7705
28966.7,42259.461200000005
28823.65,41482.1049
28598.6,40824.383
28325.95,40186.89409999999
28021.45,39533.5937
27814.3,38856.32660000001
27524.15,38241.463599999995
27335.1,37555.650400000006
27208.55,36944.4865
27133.15,36481.021499999995
27041.35,35973.996100000004
26873.65,35361.7001
26777.2,34971.336
26647.65,34471.209500000004
26604.65,34181.4227
26542.75,33859.655399999996
26450.5,33412.071500000005
26406.55,33214.3632
26347.95,32825.4451
26322.05,32422.56760000001
26266.9,31949.266499999998
26206.7,31781.623100000004
26157.8,31525.652899999997
26105.45,31193.848100000003
26072.45,30926.001899999996
26048.85,30482.334500000004
26028.45,30178.7157
26011.45,29949.092699999997
25970.05,29740.1138
25966.35,29256.561999999994
25950.45,28982.710499999997
25946.0,28764.872600000002
25939.6,28424.580199999997
25926.75,28220.284300000007
25917.95,28232.665399999998
25913.0,28044.8268
25910.4,28006.871600000002
25878.75,28041.375799999998
25874.45,27886.3298
25869.3,27698.5461
25858.7,27620.614599999994
25858.7,27605.826600000008
25855.35,27593.8819
25851.6,27455.288199999988
25850.2,27386.394399999997
25850.2,27320.924000000006
25850.2,27368.297100000003
25850.2,27300.8672
25850.2,27188.0147
25850.05,27038.7081
25850.05,27152.668100000003
25850.05,26970.811599999997
25850.05,27029.157400000004
25850.05,27037.538899999996
25850.05,27027.849
25850.05,27091.226199999997
25850.05,27060.369300000002
25850.05,26913.578900000004
25850.05,26808.085100000004
25850.05,26826.855900000002
25850.05,26826.925
25845.75,26923.588599999995
25845.75,26835.823799999995
25845.75,26805.491500000004
25845.75,26820.1248
25845.75,26891.357500000002
25845.75,26812.834500000004
25845.75,26747.943300000003
25845.75,26854.828900000004
25845.75,26795.743700000003
25845.75,26761.5012
25845.75,26623.535099999997
25845.75,26558.718500000006
25845.75,26485.601000000002
25845.75,26571.837900000002
25845.75,26608.347599999997
25845.75,26598.569399999997
25845.75,26639.876900000003
25845.75,26648.9814
25845.75,26704.1326
25845.75,26648.760400000006
25845.75,26603.431200000003
25845.75,26731.5184
25845.75,26705.8543
25845.75,26652.4749
25845.75,26617.764000000003
25845.75,26550.0833
25845.75,26593.686100000003
25845.75,26520.2986
25845.75,26512.539800000006
25845.75,26481.2876
25845.75,26498.7636
25845.75,26511.080199999997
25845.75,26516.025799999996
25845.75,26517.077299999997
25845.75,26529.408999999996
25845.75,26519.5049
25845.75,26542.085099999997
25845.75,26503.855699999996
25845.75,26496.9457
25845.75,26505.993999999995
25845.75,26544.819299999996
25845.75,26501.222699999995
25845.75,26483.821099999994
25845.75,26464.874699999997
25845.75,26541.794000000005
25845.75,26542.081
25845.75,26555.254599999997
25845.75,26495.635599999998
25845.75,26465.870600000002
25845.75,26495.038
25845.75,26514.1086
25845.75,26528.769
25845.75,26519.247500000005
25845.75,26501.985599999996
25845.75,26514.52210000001
25845.75,26521.594999999994
25845.75,26500.245500000008
25845.75,26520.8625
25845.75,26545.064700000006
25845.75,26518.8335
25845.75,26509.6227
25845.75,26574.2786
25845.75,26504.2964
25845.75,26519.049699999996
25845.75,26479.201499999996
25845.75,26530.295600000005
25845.75,26516.1358
25845.75,26529.311000000005
25845.75,26474.705800000003
25845.75,26474.888600000006
25845.75,26534.488100000006
25845.75,26568.697300000007
25845.75,26540.312299999998
25845.75,26466.5202
25845.75,26511.6115
25845.75,26454.805399999994
25845.75,26540.5884
25845.75,26486.0651
25845.75,26511.091300000007
25845.75,26536.919299999998
25845.75,26470.289399999998
25845.75,26486.636599999998
25845.75,26527.962900000006
25845.75,26486.366099999996
25845.75,26521.762200000005
25845.75,26587.414499999995
25845.75,26484.420499999997
25845.75,26500.4681
25845.75,26512.8816
25845.75,26478.708399999996
25845.75,26520.108900000003
25845.75,26527.729100000004
25845.75,26487.163399999998
25845.75,26507.4162
25845.75,26545.241599999998
25845.75,26534.5061
25845.75,26536.9483
25845.75,26553.082899999998
25845.75,26489.1699
25845.75,26532.2751
25845.75,26493.481200000002
25845.75,26511.782400000004
25845.75,26499.533400000004
25845.75,26554.9994
25845.75,26517.676800000005
25845.75,26482.1577
25845.75,26516.501800000005
25845.75,26499.8006
25845.75,26479.1794
25845.75,26494.380799999995
25845.75,26449.020500000002
25845.75,26544.180100000005
25845.75,26504.4643
25845.75,26488.204799999996
25845.75,26525.499999999993
25845.75,26526.404700000003
25845.75,26526.254199999996
25845.75,26542.8466
25845.75,26501.3928
25845.75,26552.893200000002
25845.75,26483.869
25845.75,26503.9066
25845.75,26523.181
25845.75,26522.463200000006
25845.75,26483.4475
25845.75,26581.652900000005
25845.75,26551.966899999992
25845.75,26569.0995
25845.75,26613.602199999994
25845.75,26521.7494
25845.75,26545.1589
25845.75,26632.563799999996
25845.75,26554.671500000004
25845.75,26521.179000000004
25845.75,26518.707000000002
25845.75,26481.256700000005
25845.75,26496.411099999998
25845.75,26512.8691
25845.75,26507.597599999997
25845.75,26476.09050000001
25845.75,26530.1803
25845.75,26476.2457
25845.75,26486.5803
25845.75,26558.5653
25845.75,26512.2565
25845.75,26525.0495
25845.75,26477.4971
25845.75,26509.4397
25845.75,26513.472099999995
25845.75,26506.138899999998
25845.75,26495.312799999996
25845.75,26510.691700000003
25845.75,26491.838300000003
25845.75,26477.784499999998
25845.75,26490.908600000002
25845.75,26495.3809
25845.75,26513.4949
25845.75,26547.591500000002
25845.75,26493.3266
25845.75,26461.6788
25845.75,26524.469100000006
25845.75,26466.8764
25845.75,26510.950900000003
25845.75,26523.355100000004
25845.75,26541.7351
25845.75,26476.7841
25845.75,26539.334099999996
25845.75,26445.7512
25845.75,26495.9343
25845.75,26503.2308
25845.75,26529.153300000005
25845.75,26452.830499999993
25845.75,26509.5125
25845.75,26558.129100000002
25845.75,26470.4684
25845.75,26483.6799
25845.75,26488.3623
25845.75,26514.688399999995
25845.75,26484.324699999997
25845.75,26558.675700000003
25845.75,26523.043400000002
25845.75,26484.860400000005
25845.75,26487.9146
25845.75,26473.7218
25845.75,26473.643400000008
25845.75,26493.7924
25845.75,26484.7914
25845.75,26485.6984
25845.75,26467.9395
25845.75,26482.514799999997
25845.75,26485.773599999997
25845.75,26510.6789
25845.75,26490.447099999998
25845.75,26539.3153
25845.75,26413.572899999992
25845.75,26526.11440000001
25845.75,26513.8679
25845.75,26483.4586
25845.75,26413.512199999997
25845.75,26495.637200000005
25845.75,26505.400199999996
25845.75,26530.3958
25845.75,26504.1013
25845.75,26526.6046
25845.75,26530.5141
25845.75,26478.106
25845.75,26504.1452
25845.75,26493.4299
25845.75,26496.993100000003
25845.75,26489.2869
25845.75,26498.9919
25845.75,26478.5988
25845.75,26498.696099999994
25845.75,26478.6221
25845.75,26522.7174
25845.75,26528.4766
25845.75,26505.336999999992
25845.75,26526.505699999998
25845.75,26508.6971
25845.75,26560.8047
25845.75,26508.811299999994
25845.75,26464.587400000008
25845.75,26507.071099999994
25845.75,26548.8364
25845.75,26473.6674
25845.75,26491.369799999997
25845.75,26483.8325
25845.75,26533.0004
25845.75,26533.4849
25845.75,26473.071900000003
25845.75,26537.9692
25845.75,26478.9244
25845.75,26508.3619
25845.75,26531.904099999996
25845.75,26495.945400000004
25845.75,26514.265599999995
25845.75,26505.558500000003
25845.75,26545.835800000008
25845.75,26484.402499999997
25845.75,26512.5517
25845.75,26510.607799999998
25845.75,26469.462300000003
25845.75,26496.422599999998
25845.75,26475.7859
25845.75,26472.77640000001
25845.75,26500.311200000004
25845.75,26468.0249
25845.75,26475.990300000005
25845.75,26499.864499999996
25845.75,26536.762
25845.75,26494.733099999994
25845.75,26536.4206
25845.75,26507.306900000003
25845.75,26496.086799999997
25845.75,26496.432399999998
25845.75,26487.6325
25845.75,26506.849700000002
25845.75,26533.5446
25845.75,26507.4649
25845.75,26492.399399999995
25845.75,26519.2811
25845.75,26478.513199999998
25845.75,26504.6634
25845.75,26527.955600000005
25845.75,26525.3186
25845.75,26419.0126
25845.75,26486.2174
25845.75,26444.1652
25845.75,26523.625500000002
25845.75,26526.594699999998
25845.75,26488.9934
25845.75,26498.892
25845.75,26472.111800000006
25845.75,26493.022699999994
25845.75,26460.165
25845.75,26519.333499999997
25845.75,26465.90099999999
25845.75,26516.0272
25845.75,26506.155100000004
25845.75,26452.095299999997
25845.75,26481.8522
25845.75,26534.2565
25845.75,26491.768300000003
25845.75,26489.327999999998
25845.75,26502.8164
25845.75,26465.618399999996
25845.75,26482.317299999995
25845.75,26515.128599999996
25845.75,26496.951699999998
25845.75,26502.413299999997
25845.75,26489.8793
25845.75,26496.417999999998
25845.75,26503.855900000002
25845.75,26537.1346
25845.75,26465.4328
25845.75,26539.7137
25845.75,26494.531999999996
25845.75,26490.895800000006
25845.75,26560.451299999997
25845.75,26529.4533
25845.75,26486.7849
25845.75,26540.1515
25845.75,26538.82210000001
25845.75,26493.806299999997
25845.75,26484.349499999993
25845.75,26541.337900000002
25845.75,26504.117700000003
25845.75,26531.8899
25845.75,26530.0219
25845.75,26508.6334
25845.75,26504.366500000004
25845.75,26527.800300000003
25845.75,26531.4904
25845.75,26490.919000000005
25845.75,26483.107700000004
25845.75,26467.019899999996
25845.75,26570.578
25845.75,26505.3092
25845.75,26555.431699999997
25845.75,26510.021399999998
25845.75,26490.452900000004
25845.75,26440.053000000004
25845.75,26521.209000000003
25845.75,26460.596
25845.75,26496.688199999997
25845.75,26537.791699999994
25845.75,26495.7602
25845.75,26535.580599999998
25845.75,26482.299700000003
25845.75,26488.5482
25845.75,26520.1426
25845.75,26478.748799999994
25845.75,26502.847999999998
25845.75,26518.800399999996
25845.75,26476.461
25845.75,26477.3987
25845.75,26520.1583
25845.75,26495.899199999996
25845.75,26507.4189
25845.75,26499.7651
25845.75,26448.752800000006
25845.75,26446.875399999997
25845.75,26471.799099999997
25845.75,26496.415
25845.75,26543.401099999995
25845.75,26518.259000000002
25845.75,26491.064999999995
25845.75,26498.7958
25845.75,26461.314900000005
25845.75,26489.010099999996
25845.75,26494.8577
25845.75,26465.4974
25845.75,26507.403399999992
25845.75,26512.8142
25845.75,26461.446199999995
25845.75,26502.1722
25845.75,26562.438199999997
25845.75,26491.4434
25845.75,26558.1017
25845.75,26498.908099999993
25845.75,26493.3623
25845.75,26498.903300000005
25845.75,26497.524800000003
25845.75,26497.366
25845.75,26513.2451
25845.75,26444.318299999995
25845.75,26532.1559
25845.75,26512.009499999996
25845.75,26491.7196
25845.75,26492.608499999995
25845.75,26491.125900000006
25845.75,26491.199199999995
25845.75,26491.5049
25845.75,26463.5658
25845.75,26449.0907
25845.75,26502.035300000007
25845.75,26464.3117
25845.75,26488.121000000003
25845.75,26506.023600000004
25845.75,26463.7341
25845.75,26497.669299999998
25845.75,26525.198699999997
25845.75,26520.452100000002
25845.75,26522.78680000001
25845.75,26475.239599999994
25845.75,26503.96590000001
25845.75,26526.85319999999
25845.75,26486.249499999998
25845.75,26550.9755
25845.75,26488.54
25845.75,26510.7149
25845.75,26531.194500000005
25845.75,26492.028100000003
25845.75,26520.5427
25845.75,26564.6179
25845.75,26488.390600000006
25845.75,26528.348100000003
25845.75,26484.420299999998
25845.75,26455.403800000007
25845.75,26530.156000000006
25845.75,26502.019900000003
25845.75,26471.919899999997
25845.75,26502.312100000003
25845.75,26438.4647
25845.75,26505.050800000005
25845.75,26558.1913
25845.75,26478.149200000003
25845.75,26485.2678
25845.75,26470.3436
25845.75,26470.976400000003
25845.75,26499.0055
25845.75,26504.1947
25845.75,26527.4583
25845.75,26492.948299999996
25845.75,26492.338200000006
25845.75,26518.587299999996
25845.75,26507.500500000002
25845.75,26518.4501
25845.75,26510.451100000006
25845.75,26518.0997
25845.75,26527.045599999994
25845.75,26483.299699999996
25845.75,26522.9864
25845.75,26523.4224
25845.75,26519.07
25845.75,26477.9022
25845.75,26513.367399999996
25845.75,26547.479499999998
25845.75,26463.843
25845.75,26499.3534
25845.75,26469.802000000003
25845.75,26515.9722
25845.75,26499.0413
25845.75,26498.481799999998
25845.75,26478.084900000005
25845.75,26488.919000000005
25845.75,26477.954399999995
25845.75,26479.4403
25845.75,26507.195099999994
25845.75,26554.526900000004
25845.75,26499.466800000002
25845.75,26461.052600000003
25845.75,26472.9784
25845.75,26467.7976
25845.75,26481.6246
25845.75,26513.123099999997
25845.75,26579.044799999996
25845.75,26467.7033
25845.75,26470.6379
25845.75,26505.398199999996
25845.75,26492.914999999997
25845.75,26502.7233
25845.75,26512.1295
25845.75,26470.102800000004
25845.75,26444.145900000003
25845.75,26554.185900000004
25845.75,26477.3591
25845.75,26457.517600000003
25845.75,26496.322999999997
25845.75,26503.757900000004
25845.75,26498.378099999994
25845.75,26505.0946
25845.75,26527.115999999998
25845.75,26482.204600000005
25845.75,26520.8712
25845.75,26509.739900000004
25845.75,26528.626900000003
25845.75,26487.209600000002
25845.75,26480.1873
25845.75,26547.351399999996
25845.75,26507.655000000006
25845.75,26519.1414
25845.75,26465.2416
25845.75,26512.794399999995
25845.75,26477.4205
25845.75,26488.458400000003
25845.75,26543.2043
25845.75,26484.594
25845.75,26469.048
25845.75,26544.725000000006
25845.75,26501.2929
25845.75,26494.2549
25845.75,26541.7835
25845.75,26503.6077
25845.75,26512.2057
25845.75,26472.6642
25845.75,26487.781199999998
25845.75,26489.957199999997
25845.75,26504.864
25845.75,26529.489100000006
25845.75,26502.4065
25845.75,26550.3587
25845.75,26463.684300000004
25845.75,26473.2857
25845.75,26482.8468
25845.75,26536.719299999997
25845.75,26524.943299999995
25845.75,26528.798499999997
25845.75,26512.647000000004
25845.75,26497.6031
25845.75,26520.219299999997
25845.75,26501.300300000003
25845.75,26478.8876
25845.75,26492.779100000003
25845.75,26470.392099999997
25845.75,26517.1039
25845.75,26497.501099999994
25845.75,26524.930199999995
25845.75,26447.162000000004
25845.75,26492.809300000004
25845.75,26485.955299999994
25845.75,26534.8421
25845.75,26493.912600000003
25845.75,26504.782600000006
25845.75,26522.6356
25845.75,26545.280099999996
25845.75,26487.099500000004
25845.75,26431.056499999995
25845.75,26508.1924
25845.75,26501.4994
25845.75,26474.559999999998
25845.75,26550.0745
25845.75,26524.0261
25845.75,26501.026800000003
25845.75,26507.798199999997
25845.75,26478.9099
25845.75,26537.150200000004
25845.75,26521.702
25845.75,26529.389999999996
25845.75,26473.730500000005
25845.75,26462.03560000001
25845.75,26550.8538
25845.75,26469.993300000002
25845.75,26437.2667
25845.75,26484.746900000006
25845.75,26450.657599999995
25845.75,26523.4208
25845.75,26461.972599999997
25845.75,26498.082500000008
25845.75,26494.279800000008
25845.75,26523.7609
25845.75,26551.035199999995
25845.75,26502.412699999997
25845.75,26459.125200000002
25845.75,26461.117699999995
25845.75,26519.4428
25845.75,26492.797100000003
25845.75,26482.3968
25845.75,26463.2823
25845.75,26514.330800000003
25845.75,26505.4295
25845.75,26469.533000000003
25845.75,26519.822099999998
25845.75,26489.774500000007
25845.75,26489.129399999998
25845.75,26495.000399999997
25845.75,26521.289900000003
25845.75,26468.453500000003
25845.75,26498.7972
25845.75,26491.5836
25845.75,26536.5946
25845.75,26493.797700000003
25845.75,26509.296599999994
25845.75,26468.1011
25845.75,26459.3528
25845.75,26471.398800000003
25845.75,26531.12380000001
25845.75,26526.995799999997
25845.75,26473.0625
25845.75,26504.623600000003
25845.75,26496.0316
25845.75,26469.285200000002
25845.75,26511.469800000003
25845.75,26476.118
25845.75,26499.475799999997
25845.75,26512.516599999995
25845.75,26465.366799999996
25845.75,26483.127499999995
25845.75,26481.4097
25845.75,26488.7324
25845.75,26464.4324
25845.75,26555.602499999997
25845.75,26474.285099999997
25845.75,26494.4766
25845.75,26473.22590000001
25845.75,26550.6395
25845.75,26515.007500000007
25845.75,26472.292799999996
25845.75,26445.696399999997
25845.75,26506.131
25845.75,26559.30689999999
25845.75,26466.6577
25845.75,26515.137799999997
25845.75,26483.762299999995
25845.75,26460.4487
25845.75,26475.257100000006
25845.75,26516.572400000005
25845.75,26476.8511
25845.75,26497.3966
25845.75,26516.928399999997
25845.75,26501.481000000007
25845.75,26497.108999999997
25845.75,26466.482500000002
25845.75,26454.3143
25845.75,26536.9843
25845.75,26498.9469
25845.75,26478.0063
25845.75,26497.80560000001
25845.75,26503.0788
25845.75,26520.4369
25845.75,26522.969200000003
25845.75,26485.768999999993
25845.75,26487.099899999994
25845.75,26515.254000000004
25845.75,26422.1033
25845.75,26551.903900000005
25845.75,26489.032400000004
25845.75,26501.240099999995
25845.75,26495.4604
25845.75,26511.1454
25845.75,26524.733599999996
25845.75,26488.702
25845.75,26480.4364
25845.75,26467.912200000002
25845.75,26516.457899999998
25845.75,26476.2388
25845.75,26483.529599999998
25845.75,26493.961499999994
25845.75,26512.793899999997
25845.75,26485.354400000004
25845.75,26475.6873
25845.75,26527.8433
25845.75,26524.606600000006
25845.75,26478.5347
25845.75,26477.4826
25845.75,26532.9729
25845.75,26504.778799999993
25845.75,26471.0723
25845.75,26424.212099999997
25845.75,26485.514999999996
25845.75,26543.44909999999
25845.75,26444.865100000003
25845.75,26539.5347
25845.75,26517.1436
25845.75,26469.1607
25845.75,26516.803399999997
25845.75,26496.859300000004
25845.75,26499.18279999999
25845.75,26515.200599999993
25845.75,26478.4769
25845.75,26516.958800000004
25845.75,26530.923899999994
25845.75,26543.973099999992
25845.75,26546.215300000003
25845.75,26524.1546
25845.75,26460.388100000004
25845.75,26521.9048
25845.75,26472.058900000004
25845.75,26514.6941
25845.75,26529.647099999995
25845.75,26501.7428
25845.75,26495.364899999997
25845.75,26484.967900000007
25845.75,26491.938000000002
25845.75,26506.511
25845.75,26480.863300000005
25845.75,26540.3396
25845.75,26534.0674
25845.75,26532.169
25845.75,26474.691
25845.75,26478.7814
25845.75,26478.908000000003
25845.75,26464.2229
25845.75,26480.9836
25845.75,26541.521200000007
25845.75,26477.2342
25845.75,26546.1368
25845.75,26540.0227
25845.75,26541.156799999997
25845.75,26520.9451
25845.75,26498.046599999994
25845.75,26517.2588
25845.75,26459.0896
25845.75,26541.83449999999
25845.75,26501.749700000004
25845.75,26520.142400000004
25845.75,26498.822600000003
25845.75,26512.022099999995
25845.75,26498.355700000004
25845.75,26497.444899999995
25845.75,26494.0151
25845.75,26438.7293
25845.75,26458.1711
25845.75,26495.614400000002
25845.75,26524.493
25845.75,26530.593700000005
25845.75,26508.4206
25845.75,26463.014300000003
25845.75,26503.744899999998
25845.75,26471.808899999996
25845.75,26548.244899999998
25845.75,26527.476600000005
25845.75,26501.253000000004
25845.75,26451.978700000007
25845.75,26458.075900000007
25845.75,26522.9934
25845.75,26490.6534
25845.75,26493.221
25845.75,26468.720299999997
25845.75,26525.705900000008
25845.75,26532.324199999995
25845.75,26495.7571
25845.75,26505.143900000003
25845.75,26476.882
25845.75,26496.957400000003
25845.75,26474.3289
25845.75,26477.9456
25845.75,26474.7471
25845.75,26460.499700000004
25845.75,26462.5234
25845.75,26534.3732
25845.75,26484.102599999995
25845.75,26496.476600000013
25845.75,26482.620699999992
25845.75,26436.578100000002
25845.75,26577.4444
25845.75,26481.174300000002
25845.75,26529.4175
25845.75,26513.945799999994
25845.75,26464.471100000002
25845.75,26479.315099999996
25845.75,26520.941300000006
25845.75,26526.3977
25845.75,26482.813199999997
25845.75,26460.825699999994
25845.75,26485.0478
25845.75,26475.693099999997
25845.75,26460.398100000002
25845.75,26515.4892
25845.75,26469.9113
25845.75,26441.870400000003
25845.75,26544.998
25845.75,26532.470600000008
25845.75,26480.407300000003
25845.75,26474.839300000003
25845.75,26518.6446
25845.75,26515.387
25845.75,26503.484999999997
25845.75,26474.979100000004
25845.75,26495.5523
25845.75,26515.755800000003
25845.75,26472.0852
25845.75,26457.3186
25845.75,26484.645099999994
25845.75,26516.975099999992
25845.75,26480.6938
25845.75,26496.218600000004
25845.75,26516.006999999994
25845.75,26508.990100000006
25845.75,26507.826700000005
25845.75,26491.452299999997
25845.75,26533.0245
25845.75,26476.848400000006
25845.75,26521.383899999997
25845.75,26523.4434
25845.75,26505.2586
25845.75,26520.8298
25845.75,26508.593699999998
25845.75,26540.8435
25845.75,26486.0326
25845.75,26514.7379
25845.75,26545.396099999994
25845.75,26495.949000000004
25845.75,26485.6189
25845.75,26506.8065
25845.75,26508.323599999996
25845.75,26502.390099999997
25845.75,26490.5584
25845.75,26485.6663
25845.75,26482.1429
25845.75,26484.5169
25845.75,26473.809100000002
25845.75,26491.230900000006
25845.75,26498.0543
25845.75,26531.075399999994
25845.75,26552.4042
25845.75,26527.452699999994
25845.75,26512.959899999998
25845.75,26506.996599999995
25845.75,26465.6507
25845.75,26513.359599999996
25845.75,26526.0222
25845.75,26492.431
25845.75,26483.9299
25845.75,26445.4153
25845.75,26440.949800000002
25845.75,26521.605900000002
25845.75,26493.054000000004
25845.75,26469.8147
25845.75,26494.0119
25845.75,26478.676
25845.75,26508.286899999996
25845.75,26496.968200000003
25845.75,26504.0648
25845.75,26561.201300000004
25845.75,26518.214799999998
25845.75,26567.820499999994
25845.75,26481.678900000006
25845.75,26518.6417
25845.75,26462.072099999998
25845.75,26465.973000000005
25845.75,26544.5556
25845.75,26501.692300000002
25845.75,26509.137800000004
25845.75,26513.446599999996
25845.75,26496.4223
25845.75,26531.172899999998
25845.75,26496.546400000003
25845.75,26498.183499999996
25845.75,26527.856099999997
25845.75,26482.624999999993
25845.75,26521.668999999994
25845.75,26492.351000000002
25845.75,26503.143900000003
25845.75,26467.321699999993
25845.75,26490.758500000004
25845.75,26480.7532
25845.75,26480.6515
25845.75,26503.820700000004
25845.75,26531.3088
25845.75,26507.364
25845.75,26560.961499999998
25845.75,26509.503299999993
25845.75,26458.3123
25845.75,26520.011100000003
25845.75,26514.547499999997
25845.75,26500.456400000003
25845.75,26503.5968
25845.75,26468.23
25845.75,26455.13010000001
25845.75,26479.2884
25845.75,26500.136299999995
25845.75,26536.0974
25845.75,26556.0018
25845.75,26511.384899999997
25845.75,26467.001600000007
25845.75,26453.0804
25845.75,26488.9949
25845.75,26479.0754
25845.75,26452.508
25845.75,26480.904799999997
25845.75,26532.4114
25845.75,26448.7517
25845.75,26507.7673
25845.75,26470.9506
25845.75,26515.999999999993
25845.75,26504.355
25845.75,26476.3137
25845.75,26509.6889
25845.75,26528.079299999994
25845.75,26523.684400000006
25845.75,26550.392000000003
25845.75,26523.3621
25845.75,26519.897900000004
25845.75,26500.1493
25845.75,26495.391899999995
25845.75,26508.580700000002
25845.75,26468.975599999998
25845.75,26511.9735
25845.75,26498.1092
25845.75,26527.886799999997
25845.75,26523.704999999998
25845.75,26491.9367
25845.75,26503.1321
25845.75,26493.108399999997
25845.75,26499.834000000003
25845.75,26508.9716
25845.75,26526.5136
25845.75,26498.949199999995
25845.75,26477.4783
25845.75,26478.4583
25845.75,26495.952899999997
25845.75,26449.261299999995
25845.75,26506.124200000002
25845.75,26501.1777
25845.75,26487.1436
25845.75,26466.987700000005
25845.75,26459.426400000004
25845.75,26479.821300000003
25845.75,26477.537699999997
25845.75,26522.7777
25845.75,26449.1236
25845.75,26489.379599999997
25845.75,26538.067000000003
25845.75,26464.7141
25845.75,26503.8016
25845.75,26506.6924
25845.75,26512.0713
25845.75,26480.898699999998
25845.75,26526.946999999996
25845.75,26457.2639
25845.75,26481.335699999996
25845.75,26503.8356
25845.75,26492.5082
25845.75,26504.6136
25845.75,26480.453400000006
25845.75,26526.313199999997
25845.75,26508.5026
25845.75,26504.371600000002
25845.75,26528.8452
25845.75,26521.892100000005
25845.75,26454.514199999998
25845.75,26488.9784
25845.75,26464.5169
25845.75,26485.533599999995
25845.75,26502.191899999998
25845.75,26528.768700000004
25845.75,26444.317600000002
25845.75,26485.699800000002
25845.75,26580.739299999997
25845.75,26504.2912
25845.75,26490.7817
25845.75,26529.8251
25845.75,26484.4745
25845.75,26520.488299999997
25845.75,26506.6625
