BestFitnessMean,AverageFitnessMean
52400.35,87708.4529
47835.3,78092.6898
43042.7,70790.4744
39702.2,65016.330500000004
37426.7,60349.65999999999
36309.3,56233.337600000006
34459.7,52146.1296
33442.85,48904.45390000001
32484.9,46791.836500000005
31148.95,45237.8456
30471.85,43972.9925
29904.95,42890.1394
29104.35,41731.9082
28640.7,40740.78200000001
28199.6,39791.5842
27887.05,38926.4616
27711.65,38170.787800000006
27434.05,37528.5576
27263.45,36776.1155
27105.35,36289.621100000004
26993.8,35698.3847
26880.3,35159.461800000005
26746.9,34499.6823
26682.25,33842.2206
26577.95,33300.1335
26473.5,32900.157699999996
26427.8,32396.2749
26362.5,31988.4463
26329.75,31559.8666
26271.4,31108.745399999996
26186.65,30789.1086
26153.2,30454.086199999998
26112.25,30136.392499999998
26057.7,29771.682699999998
25998.9,29570.9365
25972.35,29374.091999999993
25959.2,29279.912099999998
25936.25,29149.3568
25920.3,29060.8197
25910.55,28909.5647
25905.1,28668.945200000006
25892.7,28475.840799999998
25856.1,28149.830600000005
25852.55,27919.6068
25849.4,27823.396
25849.4,27603.533199999998
25849.25,27427.105700000004
25844.8,27348.175
25844.8,27210.179599999996
25840.5,27216.213900000002
25840.5,27160.328599999997
25840.5,27224.469200000003
25840.5,27132.4637
25840.5,27045.713000000007
25840.5,27040.502500000002
25840.5,27058.239900000004
25840.5,27103.1775
25840.5,27121.8353
25840.5,26979.6273
25840.5,26956.7863
25840.5,26901.289
25840.5,26880.053399999997
25840.5,26885.6348
25840.5,26810.648899999993
25840.5,26796.115099999995
25840.5,26784.862
25840.5,26757.493500000004
25840.5,26783.862
25840.5,26735.7741
25840.5,26766.084599999995
25840.5,26722.1054
25840.5,26795.2907
25840.5,26713.919400000002
25840.5,26630.777199999993
25840.5,26732.356699999997
25840.5,26711.114400000002
25840.5,26701.813499999997
25840.5,26670.5161
25840.5,26705.886299999995
25840.5,26746.860199999996
25840.5,26836.6005
25840.5,26804.7618
25840.5,26834.629999999997
25840.5,26799.137700000003
25840.5,26727.881899999997
25840.5,26666.6579
25840.5,26655.5504
25840.5,26573.521800000006
25840.5,26568.621200000005
25840.5,26554.589400000004
25840.5,26512.368300000002
25840.5,26529.474799999996
25840.5,26591.242700000003
25840.5,26563.18
25840.5,26508.5819
25840.5,26549.9144
25840.5,26464.0513
25840.5,26508.766699999996
25840.5,26495.354
25840.5,26471.252400000005
25840.5,26461.938499999997
25840.5,26412.6142
25840.5,26457.738400000002
25840.5,26466.426199999998
25840.5,26438.2151
25840.5,26422.98
25840.5,26473.073300000007
25840.5,26488.503800000006
25840.5,26485.3926
25840.5,26453.974599999998
25840.5,26509.8335
25840.5,26480.756500000007
25840.5,26488.9935
25840.5,26443.134000000002
25840.5,26495.441800000008
25840.5,26483.823200000003
25840.5,26411.019299999996
25840.5,26507.585400000004
25840.5,26472.9477
25840.5,26473.413
25840.5,26459.578899999993
25840.5,26486.3023
25840.5,26515.128099999994
25840.5,26424.3176
25840.5,26476.279300000002
25840.5,26441.130699999998
25840.5,26486.2751
25840.5,26452.0535
25840.5,26444.5516
25840.5,26547.903299999998
25840.5,26500.479300000006
25840.5,26478.584499999997
25840.5,26514.5663
25840.5,26498.4005
25840.5,26491.381200000003
25840.5,26487.921299999998
25840.5,26440.068600000006
25840.5,26463.606399999997
25840.5,26458.795300000005
25840.5,26409.1858
25840.5,26461.169200000004
25840.5,26453.115
25840.5,26491.531500000005
25840.5,26495.883500000004
25840.5,26479.452100000002
25840.5,26497.203300000005
25840.5,26446.144200000002
25840.5,26448.596299999997
25840.5,26394.276299999998
25840.5,26494.0697
25840.5,26399.335300000006
25840.5,26464.6662
25840.5,26459.435800000007
25840.5,26457.5691
25840.5,26454.411600000003
25840.5,26490.596500000003
25840.5,26485.2951
25840.5,26443.206899999997
25840.5,26453.283800000005
25840.5,26515.138700000003
25840.5,26491.523800000003
25840.5,26521.003099999994
25840.5,26456.967199999996
25840.5,26482.150299999998
25840.5,26506.2645
25840.5,26437.765000000003
25840.5,26450.205800000003
25840.5,26495.211700000003
25840.5,26433.652099999996
25840.5,26435.6723
25840.5,26476.0333
25840.5,26476.2302
25840.5,26424.749499999998
25840.5,26455.698200000003
25840.5,26469.7423
25840.5,26478.263199999998
25840.5,26471.6769
25840.5,26455.2759
25840.5,26507.259000000002
25840.5,26495.1716
25840.5,26471.480000000003
25840.5,26459.908300000003
25840.5,26512.0049
25840.5,26438.1657
25840.5,26443.3031
25840.5,26466.716900000007
25840.5,26472.4436
25840.5,26437.560999999998
25840.5,26475.327400000002
25840.5,26440.081399999995
25840.5,26468.009500000004
25840.5,26506.994
25840.5,26437.712099999997
25840.5,26507.802400000004
25840.5,26513.559500000003
25840.5,26444.479600000002
25840.5,26450.367100000003
25840.5,26499.379999999997
25840.5,26439.485699999997
25840.5,26458.3303
25840.5,26513.93
25840.5,26476.460499999997
25840.5,26502.363600000004
25840.5,26439.594800000003
25840.5,26447.676599999995
25840.5,26452.312700000002
25840.5,26512.7082
25840.5,26467.111200000003
25840.5,26411.319299999996
25840.5,26446.306499999995
25840.5,26443.079800000007
25840.5,26438.568300000003
25840.5,26498.408399999997
25840.5,26450.238299999997
25840.5,26475.4314
25840.5,26448.302599999995
25840.5,26477.601000000002
25840.5,26485.7774
25840.5,26486.4212
25840.5,26447.5688
25840.5,26483.111800000002
25840.5,26477.438199999997
25840.5,26438.570499999994
25840.5,26485.469700000005
25840.5,26471.1065
25840.5,26491.296299999998
25840.5,26498.285200000002
25840.5,26462.160600000003
25840.5,26418.293799999996
25840.5,26500.5437
25840.5,26482.5972
25840.5,26487.815599999994
25840.5,26423.022099999995
25840.5,26459.152000000002
25840.5,26459.056800000002
25840.5,26489.733399999997
25840.5,26470.1748
25840.5,26495.8293
25840.5,26507.557299999997
25840.5,26460.6117
25840.5,26491.724200000004
25840.5,26495.548700000003
25840.5,26470.1681
25840.5,26526.9413
25840.5,26463.794000000005
25840.5,26462.637200000005
25840.5,26483.1467
25840.5,26473.672099999996
25840.5,26494.565300000006
25840.5,26463.0302
25840.5,26502.460699999996
25840.5,26440.586900000002
25840.5,26458.296000000002
25840.5,26446.0412
25840.5,26502.4239
25840.5,26487.408999999996
25840.5,26471.1979
25840.5,26423.959699999996
25840.5,26458.104699999996
25840.5,26462.3539
25840.5,26451.416000000005
25840.5,26511.014000000003
25840.5,26456.70460000001
25840.5,26460.053600000003
25840.5,26489.6362
25840.5,26462.4287
25840.5,26432.418999999994
25840.5,26496.762600000005
25840.5,26469.4462
25840.5,26493.136000000006
25840.5,26465.2823
25840.5,26470.0881
25840.5,26483.602800000004
25840.5,26450.672499999997
25840.5,26434.704999999998
25840.5,26426.4048
25840.5,26485.161799999994
25840.5,26483.0118
25840.5,26442.4575
25840.5,26499.087
25840.5,26487.4116
25840.5,26491.8006
25840.5,26443.5304
25840.5,26438.686700000002
25840.5,26507.0663
25840.5,26474.960500000005
25840.5,26458.537099999998
25840.5,26513.567799999997
25840.5,26461.033000000003
25840.5,26531.113700000005
25840.5,26479.526099999995
25840.5,26474.922700000003
25840.5,26524.361800000002
25840.5,26515.1217
25840.5,26491.008299999998
25840.5,26536.1935
25840.5,26482.412599999992
25840.5,26476.3448
25840.5,26472.738999999994
25840.5,26489.2694
25840.5,26478.754899999993
25840.5,26441.308599999997
25840.5,26496.019999999997
25840.5,26411.235599999996
25840.5,26499.862600000004
25840.5,26481.531
25840.5,26491.778899999998
25840.5,26476.1691
25840.5,26501.658999999996
25840.5,26461.918800000003
25840.5,26466.694800000005
25840.5,26538.139499999997
25840.5,26519.956800000004
25840.5,26448.193300000003
25840.5,26519.144
25840.5,26478.411600000003
25840.5,26464.327
25840.5,26482.969699999994
25840.5,26466.204000000005
25840.5,26466.2927
25840.5,26484.577199999992
25840.5,26494.0082
25840.5,26434.5155
25840.5,26450.5825
25840.5,26503.223599999998
25840.5,26457.4637
25840.5,26450.619
25840.5,26513.183100000002
25840.5,26462.572099999998
25840.5,26460.723599999998
25840.5,26432.983399999997
25840.5,26433.341500000002
25840.5,26446.8423
25840.5,26446.853699999996
25840.5,26470.765600000002
25840.5,26391.069000000007
25840.5,26493.636099999992
25840.5,26439.1338
25840.5,26469.7461
25840.5,26431.747300000006
25840.5,26450.241099999996
25840.5,26460.0037
25840.5,26478.5603
25840.5,26482.0219
25840.5,26477.601899999998
25840.5,26455.371400000004
25840.5,26504.833599999994
25840.5,26461.556299999997
25840.5,26539.9928
25840.5,26507.021699999994
25840.5,26459.6755
25840.5,26470.402299999998
25840.5,26433.532999999996
25840.5,26496.8707
25840.5,26493.618399999996
25840.5,26450.9816
25840.5,26474.521300000004
25840.5,26440.6904
25840.5,26496.241799999996
25840.5,26474.882800000003
25840.5,26464.979000000003
25840.5,26470.181700000005
25840.5,26445.8646
25840.5,26491.391299999996
25840.5,26487.0739
25840.5,26469.5825
25840.5,26440.087900000002
25840.5,26426.5811
25840.5,26471.948200000003
25840.5,26485.942199999998
25840.5,26478.6847
25840.5,26473.131699999998
25840.5,26522.6565
25840.5,26450.919299999998
25840.5,26490.2772
25840.5,26455.537800000002
25840.5,26470.714799999998
25840.5,26433.1282
25840.5,26445.9904
25840.5,26465.645399999998
25840.5,26424.186000000005
25840.5,26476.29170000001
25840.5,26456.508300000005
25840.5,26502.532
25840.5,26510.186999999998
25840.5,26504.3825
25840.5,26473.718
25840.5,26496.7184
25840.5,26451.869599999998
25840.5,26486.195
25840.5,26486.4297
25840.5,26509.2425
25840.5,26426.6326
25840.5,26441.679199999995
25840.5,26462.2212
25840.5,26464.300399999996
25840.5,26479.1031
25840.5,26456.0486
25840.5,26448.621600000002
25840.5,26534.163100000005
25840.5,26537.751299999996
25840.5,26494.291600000004
25840.5,26460.4761
25840.5,26487.913399999998
25840.5,26457.325800000002
25840.5,26494.8264
25840.5,26491.512199999997
25840.5,26455.877399999998
25840.5,26479.806800000002
25840.5,26404.272399999998
25840.5,26497.334099999996
25840.5,26480.8151
25840.5,26483.528700000003
25840.5,26460.035599999996
25840.5,26494.7539
25840.5,26475.851199999994
25840.5,26486.0885
25840.5,26472.076500000003
25840.5,26482.729499999998
25840.5,26469.359500000002
25840.5,26484.986199999996
25840.5,26478.19810000001
25840.5,26494.903199999993
25840.5,26508.241599999998
25840.5,26416.199800000002
25840.5,26506.1131
25840.5,26502.7483
25840.5,26403.7886
25840.5,26488.6885
25840.5,26450.833000000002
25840.5,26457.9277
25840.5,26467.279100000003
25840.5,26444.9249
25840.5,26491.444099999993
25840.5,26511.620599999995
25840.5,26520.240699999995
25840.5,26470.558200000007
25840.5,26463.260700000003
25840.5,26484.607399999997
25840.5,26467.369700000003
25840.5,26455.5478
25840.5,26507.3746
25840.5,26455.596500000003
25840.5,26461.3821
25840.5,26528.901000000005
25840.5,26434.663800000002
25840.5,26507.184199999996
25840.5,26444.6348
25840.5,26526.0874
25840.5,26445.1646
25840.5,26441.357999999997
25840.5,26478.010099999996
25840.5,26465.4075
25840.5,26465.344200000003
25840.5,26524.965799999998
25840.5,26467.3217
25840.5,26523.660499999998
25840.5,26464.239499999996
25840.5,26468.8409
25840.5,26443.497900000006
25840.5,26491.131199999996
25840.5,26422.816199999994
25840.5,26493.206499999993
25840.5,26478.191700000003
25840.5,26483.6507
25840.5,26480.744400000003
25840.5,26462.388099999993
25840.5,26430.962999999996
25840.5,26482.836700000003
25840.5,26495.769000000008
25840.5,26454.408199999998
25840.5,26477.398100000002
25840.5,26446.380800000003
25840.5,26475.388199999998
25840.5,26499.1904
25840.5,26511.480600000003
25840.5,26452.025199999996
25840.5,26467.6944
25840.5,26456.9794
25840.5,26465.297599999998
25840.5,26490.1622
25840.5,26467.430800000002
25840.5,26445.669200000004
25840.5,26495.8064
25840.5,26447.752999999997
25840.5,26467.3152
25840.5,26457.180199999995
25840.5,26468.840000000004
25840.5,26461.975300000002
25840.5,26444.3113
25840.5,26454.947300000007
25840.5,26460.079699999995
25840.5,26503.7
25840.5,26423.963900000002
25840.5,26511.6016
25840.5,26475.6912
25840.5,26435.5756
25840.5,26486.632899999997
25840.5,26431.411499999995
25840.5,26457.380600000004
25840.5,26454.9424
25840.5,26450.2817
25840.5,26491.863899999997
25840.5,26517.0018
25840.5,26484.650400000002
25840.5,26465.3262
25840.5,26476.665100000006
25840.5,26464.249299999996
25840.5,26470.936199999996
25840.5,26482.845699999998
25840.5,26442.3424
25840.5,26474.148200000003
25840.5,26412.492100000003
25840.5,26416.295700000006
25840.5,26509.3088
25840.5,26496.880599999997
25840.5,26425.3538
25840.5,26444.8978
25840.5,26434.797
25840.5,26450.2299
25840.5,26497.1365
25840.5,26430.1048
25840.5,26457.2774
25840.5,26494.4306
25840.5,26463.299299999995
25840.5,26463.1042
25840.5,26444.091800000002
25840.5,26521.4293
25840.5,26436.911499999995
25840.5,26474.661099999998
25840.5,26495.520399999998
25840.5,26473.918400000002
25840.5,26458.921899999998
25840.5,26485.250500000002
25840.5,26502.971499999996
25840.5,26527.630800000003
25840.5,26446.2804
25840.5,26521.061200000004
25840.5,26478.217800000002
25840.5,26506.601799999997
25840.5,26507.0317
25840.5,26416.8086
25840.5,26491.192300000002
25840.5,26483.422499999997
25840.5,26438.454500000003
25840.5,26465.557
25840.5,26438.605499999998
25840.5,26509.387
25840.5,26471.8969
25840.5,26483.481099999997
25840.5,26477.7462
25840.5,26450.605
25840.5,26462.7523
25840.5,26431.7468
25840.5,26489.215800000005
25840.5,26471.902500000004
25840.5,26477.450200000003
25840.5,26490.0145
25840.5,26445.9069
25840.5,26489.255500000007
25840.5,26476.9185
25840.5,26439.326399999998
25840.5,26463.1599
25840.5,26495.925499999994
25840.5,26441.7968
25840.5,26494.011100000003
25840.5,26493.608499999995
25840.5,26479.501500000006
25840.5,26525.367000000006
25840.5,26500.180799999995
25840.5,26460.661000000004
25840.5,26452.239800000003
25840.5,26441.0076
25840.5,26430.191400000003
25840.5,26487.016200000002
25840.5,26459.5026
25840.5,26469.2223
25840.5,26451.1109
25840.5,26470.6169
25840.5,26427.3521
25840.5,26506.532999999996
25840.5,26459.9802
25840.5,26436.5031
25840.5,26522.396999999997
25840.5,26447.772599999997
25840.5,26491.1221
25840.5,26468.4784
25840.5,26470.211500000005
25840.5,26473.6803
25840.5,26467.575399999994
25840.5,26490.517499999998
25840.5,26502.3059
25840.5,26475.733100000005
25840.5,26474.678999999996
25840.5,26466.1641
25840.5,26501.5294
25840.5,26433.911200000002
25840.5,26450.01
25840.5,26496.583999999995
25840.5,26449.142499999998
25840.5,26473.793399999995
25840.5,26424.259299999998
25840.5,26489.789899999996
25840.5,26484.4211
25840.5,26498.146999999997
25840.5,26441.676300000003
25840.5,26447.0282
25840.5,26481.355000000003
25840.5,26441.782199999998
25840.5,26461.373999999993
25840.5,26453.361800000006
25840.5,26455.778599999998
25840.5,26465.990099999995
25840.5,26444.7398
25840.5,26426.469300000004
25840.5,26492.883100000006
25840.5,26412.368599999994
25840.5,26465.348699999995
25840.5,26434.2336
25840.5,26465.9046
25840.5,26461.954700000002
25840.5,26473.6297
25840.5,26515.349200000004
25840.5,26474.4945
25840.5,26457.624799999998
25840.5,26458.547700000003
25840.5,26466.347100000003
25840.5,26459.804200000002
25840.5,26507.915499999996
25840.5,26447.363499999996
25840.5,26475.472699999995
25840.5,26491.076200000003
25840.5,26527.918199999996
25840.5,26506.864
25840.5,26514.609999999993
25840.5,26468.3358
25840.5,26410.532
25840.5,26448.944899999995
25840.5,26464.0746
25840.5,26519.060199999996
25840.5,26454.16169999999
25840.5,26500.319199999998
25840.5,26494.290400000005
25840.5,26499.124499999994
25840.5,26432.839300000003
25840.5,26452.923300000006
25840.5,26442.391699999996
25840.5,26526.999
25840.5,26479.3989
25840.5,26404.399599999997
25840.5,26423.5163
25840.5,26433.0778
25840.5,26471.446400000004
25840.5,26419.806
25840.5,26500.1277
25840.5,26478.7811
25840.5,26464.360999999997
25840.5,26465.609500000002
25840.5,26481.110200000003
25840.5,26488.191799999993
25840.5,26467.3605
25840.5,26457.170000000002
25840.5,26451.495400000003
25840.5,26475.7596
25840.5,26483.240400000002
25840.5,26489.3951
25840.5,26426.7841
25840.5,26468.430699999997
25840.5,26452.912299999996
25840.5,26457.97
25840.5,26472.317
25840.5,26479.647500000003
25840.5,26488.660399999993
25840.5,26456.897600000004
25840.5,26482.697400000005
25840.5,26497.612100000006
25840.5,26429.5327
25840.5,26514.710000000003
25840.5,26477.765200000005
25840.5,26399.8699
25840.5,26468.4153
25840.5,26468.941100000004
25840.5,26467.4001
25840.5,26491.817299999995
25840.5,26509.8883
25840.5,26502.1484
25840.5,26500.193199999998
25840.5,26468.9432
25840.5,26489.521
25840.5,26445.871000000003
25840.5,26478.284999999996
25840.5,26420.345900000004
25840.5,26483.394600000007
25840.5,26502.5368
25840.5,26435.544199999997
25840.5,26474.3227
25840.5,26433.3185
25840.5,26478.119
25840.5,26489.984300000004
25840.5,26472.502599999996
25840.5,26504.868000000006
25840.5,26428.2185
25840.5,26427.285300000007
25840.5,26440.577900000004
25840.5,26491.477000000003
25840.5,26508.5108
25840.5,26477.7343
25840.5,26471.542600000004
25840.5,26533.898500000003
25840.5,26473.8043
25840.5,26453.1903
25840.5,26474.87189999999
25840.5,26470.602099999996
25840.5,26475.705800000003
25840.5,26494.2537
25840.5,26474.596700000002
25840.5,26432.2543
25840.5,26482.9348
25840.5,26491.159199999995
25840.5,26479.251500000002
25840.5,26463.771399999998
25840.5,26485.075899999996
25840.5,26425.841399999998
25840.5,26505.075100000005
25840.5,26416.7116
25840.5,26491.036600000003
25840.5,26483.656199999998
25840.5,26473.533999999996
25840.5,26445.733999999997
25840.5,26483.6816
25840.5,26488.8366
25840.5,26475.0031
25840.5,26467.2033
25840.5,26448.378800000006
25840.5,26478.7539
25840.5,26490.462
25840.5,26417.589
25840.5,26487.2508
25840.5,26491.8668
25840.5,26512.403499999997
25840.5,26480.100300000002
25840.5,26504.6387
25840.5,26441.3574
25840.5,26438.342599999996
25840.5,26445.9965
25840.5,26504.508500000004
25840.5,26451.831799999996
25840.5,26500.3738
25840.5,26403.368599999998
25840.5,26461.923000000003
25840.5,26470.2282
25840.5,26439.893300000003
25840.5,26484.771800000006
25840.5,26450.617600000005
25840.5,26444.623
25840.5,26483.7692
25840.5,26464.175899999995
25840.5,26513.1922
25840.5,26444.522799999995
25840.5,26473.204500000003
25840.5,26514.954900000004
25840.5,26406.657
25840.5,26447.384500000004
25840.5,26521.1634
25840.5,26477.8629
25840.5,26449.763
25840.5,26438.449200000003
25840.5,26476.854700000004
25840.5,26495.0063
25840.5,26441.9675
25840.5,26471.756499999996
25840.5,26501.5954
25840.5,26465.7249
25840.5,26483.5968
25840.5,26450.182500000003
25840.5,26475.178000000004
25840.5,26458.406800000004
25840.5,26484.147399999998
25840.5,26459.9603
25840.5,26481.914100000005
25840.5,26456.756
25840.5,26456.492700000003
25840.5,26493.896700000005
25840.5,26443.736599999997
25840.5,26418.018900000003
25840.5,26462.0431
25840.5,26444.962900000002
25840.5,26454.507899999997
25840.5,26454.1467
25840.5,26476.5069
25840.5,26487.1185
25840.5,26443.0852
25840.5,26432.971899999997
25840.5,26454.983400000005
25840.5,26547.615599999997
25840.5,26407.152899999997
25840.5,26487.468600000004
25840.5,26455.776900000004
25840.5,26473.745199999998
25840.5,26505.732599999996
25840.5,26467.496800000004
25840.5,26461.7547
25840.5,26478.991500000004
25840.5,26442.361199999996
25840.5,26440.16219999999
25840.5,26501.837500000005
25840.5,26480.367699999995
25840.5,26501.150400000002
25840.5,26499.439999999995
25840.5,26492.524800000003
25840.5,26457.211900000002
25840.5,26490.516500000005
25840.5,26459.673000000003
25840.5,26471.002800000006
25840.5,26468.365300000005
25840.5,26435.459900000005
25840.5,26493.903699999995
25840.5,26438.9007
25840.5,26482.969900000004
25840.5,26441.867
25840.5,26530.3909
25840.5,26493.790399999998
25840.5,26465.359200000006
25840.5,26438.878599999996
25840.5,26521.810199999996
25840.5,26497.653900000005
25840.5,26469.114899999997
25840.5,26492.564100000007
25840.5,26466.721299999997
25840.5,26460.986199999996
25840.5,26508.028799999993
25840.5,26481.235199999996
25840.5,26517.358900000003
25840.5,26439.8194
25840.5,26476.679200000002
25840.5,26503.541999999998
25840.5,26438.9963
25840.5,26528.254200000003
25840.5,26493.878599999996
25840.5,26488.395
25840.5,26473.686000000005
25840.5,26495.588399999997
25840.5,26437.800799999997
25840.5,26457.778700000003
25840.5,26473.7097
25840.5,26482.452400000002
25840.5,26451.954999999998
25840.5,26449.230699999996
25840.5,26444.702800000006
25840.5,26500.4983
25840.5,26477.067899999995
25840.5,26472.3019
25840.5,26479.930699999997
25840.5,26447.9249
25840.5,26481.335499999997
25840.5,26469.745000000003
25840.5,26465.305100000005
25840.5,26499.899599999997
25840.5,26446.5051
25840.5,26510.349700000002
25840.5,26489.502900000003
25840.5,26453.957000000002
25840.5,26455.4375
25840.5,26488.772000000004
25840.5,26447.911500000006
25840.5,26476.765399999997
25840.5,26481.8881
25840.5,26438.054900000006
25840.5,26485.3427
25840.5,26457.523999999998
25840.5,26408.373000000003
25840.5,26479.484599999996
25840.5,26447.214099999994
25840.5,26513.719299999997
25840.5,26468.5836
25840.5,26492.2185
25840.5,26441.573800000002
25840.5,26501.866199999997
25840.5,26548.5109
25840.5,26474.629800000006
25840.5,26481.145000000008
25840.5,26447.167000000005
25840.5,26534.490699999995
25840.5,26545.2234
25840.5,26454.7161
25840.5,26464.787700000004
25840.5,26471.8728
25840.5,26487.7753
25840.5,26453.603099999997
25840.5,26447.2243
25840.5,26468.772399999998
25840.5,26501.156000000006
25840.5,26472.765399999993
25840.5,26479.647599999997
25840.5,26465.999300000003
25840.5,26508.802399999997
25840.5,26418.1777
25840.5,26478.991099999996
25840.5,26509.3456
25840.5,26466.730100000004
25840.5,26470.760499999997
25840.5,26472.212
25840.5,26504.391200000002
25840.5,26452.8733
25840.5,26467.656799999997
25840.5,26465.835300000006
25840.5,26450.708100000007
25840.5,26488.4291
25840.5,26464.675799999997
25840.5,26499.0574
25840.5,26506.27079999999
25840.5,26451.7945
25840.5,26417.4496
25840.5,26478.700699999998
25840.5,26502.086100000004
25840.5,26481.8858
25840.5,26506.811100000003
25840.5,26459.968299999997
25840.5,26459.4961
25840.5,26437.916300000004
25840.5,26484.9456
25840.5,26478.800900000002
25840.5,26460.414700000005
25840.5,26471.5059
25840.5,26429.860099999998
25840.5,26482.568100000004
25840.5,26466.630999999994
25840.5,26517.893900000003
25840.5,26487.558899999996
25840.5,26435.028499999993
25840.5,26440.297700000003
25840.5,26467.748199999995
25840.5,26467.862599999993
25840.5,26509.714
25840.5,26489.841000000004
25840.5,26462.2251
25840.5,26471.0186
25840.5,26465.373499999998
25840.5,26449.040100000002
25840.5,26435.0543
25840.5,26465.508899999997
25840.5,26437.414500000003
25840.5,26430.9636
25840.5,26460.971
25840.5,26433.955200000004
25840.5,26535.064699999995
25840.5,26507.6258
25840.5,26494.772199999996
25840.5,26455.708499999997
25840.5,26461.2194
25840.5,26488.277500000004
25840.5,26481.674399999996
25840.5,26472.1239
25840.5,26492.7903
25840.5,26454.2658
25840.5,26498.805600000003
25840.5,26463.649699999998
25840.5,26432.030299999995
25840.5,26507.094800000003
25840.5,26456.425400000007
25840.5,26458.6039
25840.5,26465.9545
25840.5,26474.540999999997
25840.5,26446.600700000003
25840.5,26453.2266
25840.5,26412.8724
25840.5,26476.8086
25840.5,26482.079500000003
25840.5,26476.281800000004
25840.5,26435.530100000004
25840.5,26512.223100000003
25840.5,26447.5288
25840.5,26484.5478
25840.5,26502.104600000002
25840.5,26397.3587
25840.5,26457.378099999994
25840.5,26450.4251
25840.5,26452.7989
25840.5,26464.747500000005
25840.5,26506.711900000006
25840.5,26490.8511
25840.5,26515.243599999998
25840.5,26467.2962
25840.5,26453.8441
25840.5,26444.030699999996
25840.5,26426.9168
25840.5,26484.654300000006
25840.5,26485.524299999997
25840.5,26495.946099999994
25840.5,26499.9463
25840.5,26427.911499999995
25840.5,26492.9675
25840.5,26499.4593
25840.5,26437.76
25840.5,26458.4559
25840.5,26438.5793
25840.5,26464.8104
25840.5,26493.4694
25840.5,26451.172499999997
25840.5,26467.389800000004
