BestFitnessMean,AverageFitnessMean
50661.4,87661.5017
48343.1,82359.1611
44822.4,77951.095
42789.35,74148.09670000001
41217.65,70891.3285
39962.4,68255.751
38632.25,65777.05639999999
37824.15,63791.20719999999
36952.5,61784.88590000001
35639.25,60260.49620000001
34710.5,58605.611699999994
34144.2,57193.62230000001
33959.45,56136.2377
33097.25,55037.39649999999
32545.9,54197.916800000006
31942.8,53379.967099999994
31586.85,52755.21000000001
31329.15,52109.6783
30935.75,51699.2103
30377.65,51025.29849999999
30070.8,50529.75289999999
29877.35,50164.3264
29784.0,49908.40389999999
29291.1,49714.9832
29238.9,49306.482
28832.9,49105.32110000001
28776.85,48811.61550000001
28689.95,48513.172699999996
28461.15,48192.201400000005
28388.55,47826.1776
28182.7,47575.13289999999
28126.55,47453.2087
28042.6,47289.7999
27935.55,47237.842599999996
27862.55,47113.03839999999
27762.35,47182.4826
27638.75,46975.39599999999
27651.25,46795.559499999996
27431.85,46529.198500000006
27352.75,46473.2837
27266.95,46199.1936
27198.75,46096.971900000004
27112.65,45982.41300000001
27035.3,45741.506499999996
27018.3,45710.811499999996
26979.65,45811.0671
26953.5,45742.471000000005
26953.95,45721.3956
26889.05,45747.5858
26840.9,45449.0298
26818.2,45448.5132
26792.15,45463.953199999996
26757.4,45561.61399999999
26744.4,45459.3943
26722.95,45505.4589
26661.1,45557.068999999996
26640.8,45491.595700000005
26628.65,45044.284199999995
26551.35,44943.841100000005
26532.7,44807.96169999999
26481.2,44689.8131
26468.5,44689.65799999999
26465.4,44627.55269999999
26428.25,44646.7059
26425.2,44487.4721
26424.5,44470.75159999999
26423.55,44353.8997
26415.8,44048.41660000001
26372.3,44035.9733
26366.65,43766.773100000006
26360.7,43800.816000000006
26348.05,43799.7295
26332.65,43635.6302
26330.6,43728.324499999995
26310.3,43503.1937
26302.0,43420.034999999996
26282.75,43345.0016
26279.75,43298.3713
26266.35,43180.935699999995
26264.7,43161.516500000005
26250.85,42855.0016
26239.6,42677.31530000001
26239.6,42671.721600000004
26208.8,42585.966499999995
26201.4,42421.80520000001
26197.45,42477.33240000001
26178.6,42405.2235
26178.6,42333.7866
26165.3,42452.220199999996
26165.15,42247.3927
26137.05,42145.567899999995
26128.0,42124.3263
26125.2,42058.00199999999
26107.65,42033.96109999999
26107.65,42001.754799999995
26099.15,42069.0483
26086.8,42105.26189999999
26079.2,41954.764899999995
26068.85,41958.9397
26071.2,42012.710199999994
26058.65,41732.7552
26058.65,41501.0242
26048.25,41497.662000000004
26038.8,41300.7095
26032.45,41187.39499999999
26027.2,41056.052599999995
26012.25,41007.325800000006
26007.0,40841.92450000001
26003.3,40966.071200000006
25996.75,40854.5379
25996.75,40731.4877
25988.35,40700.74390000001
25988.35,40741.023400000005
25988.35,40770.3352
25971.55,40715.7494
25971.4,40505.200300000004
25968.4,40137.81479999999
25951.85,40144.2561
25951.85,40076.535299999996
25951.5,40139.6017
25951.5,40095.2071
25939.2,39924.54640000001
25939.2,39922.768200000006
25922.85,39919.5698
25920.2,39961.342
25920.2,40004.96540000001
25920.05,40021.58260000001
25920.05,40038.7425
25920.05,39989.01979999999
25920.05,40057.7582
25920.05,39958.848900000005
25920.05,40090.998999999996
25920.05,40121.9946
25919.75,40013.63100000001
25919.75,39976.0953
25916.0,39923.2846
25915.85,39895.2717
25915.85,39861.450800000006
25908.2,39884.1986
25908.2,39888.48039999999
25903.9,39651.707500000004
25903.9,39618.47350000001
25901.75,39421.4439
25898.75,39409.42899999999
25898.75,39306.1458
25898.75,39099.600699999995
25898.75,39188.13189999999
25896.6,39117.834500000004
25896.6,38850.2008
25896.6,38660.50379999999
25896.6,38603.75239999999
25896.6,38546.1498
25889.85,38546.524000000005
25889.85,38360.14340000001
25889.85,37966.83559999999
25889.85,37762.583799999986
25877.95,37588.7396
25877.95,37249.909999999996
25877.95,37062.5027
25885.55,36921.47810000001
25881.65,36802.586599999995
25881.65,36567.3436
25881.65,36336.077
25881.65,36108.2495
25869.75,35978.7161
25869.75,35935.911100000005
25869.75,35984.829
25869.75,35924.4023
25869.75,35873.562
25869.75,35881.72519999999
25869.75,35740.903399999996
25869.75,35561.096399999995
25869.75,35462.894
25869.75,35302.1856
25865.45,35205.1708
25853.55,35080.769799999995
25853.55,34979.4735
25853.55,34929.55440000001
25853.55,34951.068199999994
25849.25,34815.2283
25849.25,34810.5897
25849.25,34979.8663
25849.25,35137.4252
25849.25,34926.41
25849.25,34967.89200000001
25849.25,34940.03199999999
25849.25,35048.0189
25844.95,35168.94990000001
25844.95,35275.154800000004
25844.8,35251.66120000001
25844.8,35177.686
25844.8,35056.489700000006
25844.8,34957.9958
25844.8,34764.11809999999
25844.8,34667.5
25844.8,34548.3145
25844.8,34454.0077
25844.8,34311.7631
25844.8,34318.5436
25844.8,34336.038
25844.8,34269.6035
25844.8,34057.8775
25844.8,34081.315800000004
25844.8,33692.6253
25844.8,33611.9616
25844.8,33413.460999999996
25844.8,33212.5821
25843.05,33253.83240000001
25843.05,33187.92949999999
25843.05,33061.6309
25843.05,32968.8517
25843.05,32762.3097
25843.05,32710.929099999998
25843.05,32767.8664
25843.05,32503.620899999998
25843.05,32395.363500000007
25843.05,32252.5911
25843.05,32058.963100000004
25843.05,32139.26839999999
25843.05,31997.5844
25843.05,31975.279699999996
25843.05,31882.864099999995
25843.05,31841.079500000003
25843.05,31701.773900000007
25843.05,31564.009699999995
25843.05,31636.845400000002
25843.05,31693.948899999996
25841.45,31748.700000000004
25841.45,31740.186599999994
25841.45,31703.952899999993
25841.45,31653.8954
25841.45,31485.1015
25841.45,31319.6244
25841.45,31083.4694
25841.45,30956.0299
25841.45,30758.148899999993
25841.45,30640.6147
25841.45,30626.1589
25841.45,30513.8968
25841.45,30337.876800000005
25841.45,30330.647999999997
25841.45,30279.555399999994
25841.45,30339.9049
25841.45,30393.984099999994
25841.3,30144.45399999999
25841.3,30058.302099999994
25841.3,29997.700800000002
25841.3,29860.3517
25841.3,29875.1585
25841.3,29774.0641
25841.3,29719.1353
25841.3,29828.7527
25841.3,29688.2941
25841.3,29596.692100000004
25841.3,29406.776800000003
25841.3,29398.4493
25841.3,29267.262100000004
25841.3,29187.328600000008
25841.3,29056.6457
25841.3,29097.6423
25841.3,29014.5431
25841.3,28858.003600000004
25841.3,28947.2933
25841.3,28929.2805
25841.3,28919.614500000003
25841.3,28914.147699999994
25841.3,28916.6603
25841.3,28853.545299999998
25841.3,28818.444800000005
25841.3,28713.053599999996
25841.3,28511.279499999997
25841.3,28544.867299999994
25841.3,28625.267900000006
25841.3,28639.829099999995
25841.3,28455.9749
25841.3,28385.206299999998
25841.3,28368.0976
25841.3,28485.2451
25841.3,28466.681600000004
25841.3,28457.889399999996
25841.3,28290.4833
25841.3,28236.391200000002
25841.3,28137.464399999997
25841.3,28208.0707
25837.0,28259.674600000006
25837.0,28172.801499999994
25837.0,28390.3635
25837.0,28326.7816
25837.0,28288.316000000003
25837.0,28161.329800000014
25837.0,28130.107500000006
25837.0,28182.183100000002
25837.0,28109.279699999992
25837.0,28047.6664
25837.0,28157.202200000007
25837.0,28174.1842
25837.0,28277.844800000003
25837.0,28392.848599999998
25837.0,28456.323800000002
25837.0,28428.8762
25837.0,28367.1777
25837.0,28256.1252
25837.0,28249.2391
25837.0,28258.946599999996
25837.0,28282.195
25837.0,28486.9058
25837.0,28591.299299999995
25837.0,28616.7946
25837.0,28608.2531
25837.0,28662.976800000004
25837.0,28583.193999999996
25837.0,28473.360800000002
25837.0,28437.8571
25837.0,28380.505400000002
25837.0,28404.891899999995
25837.0,28444.531899999994
25837.0,28322.115
25837.0,28347.9076
25837.0,28243.357100000005
25837.0,28169.230499999998
25837.0,28139.4071
25837.0,28242.434100000002
25837.0,28269.8068
25837.0,28369.055699999997
25837.0,28593.358599999996
25837.0,28540.013400000003
25837.0,28467.045899999997
25837.0,28499.0728
25837.0,28316.2549
25837.0,28270.622799999994
25837.0,28192.653900000005
25837.0,28241.7185
25837.0,28213.425199999998
25837.0,28150.287399999994
25837.0,28255.218
25837.0,28261.9845
25837.0,28150.47
25837.0,28084.118399999996
25837.0,28142.892300000007
25837.0,28174.648699999998
25837.0,28209.335899999995
25837.0,28250.771399999998
25837.0,28140.806599999993
25837.0,28172.864200000004
25837.0,28147.492799999996
25837.0,28153.731300000007
25837.0,28152.809900000004
25837.0,27984.9784
25837.0,27880.100899999998
25837.0,27940.912
25837.0,27900.7941
25837.0,27956.663599999993
25837.0,28001.6707
25837.0,27923.515000000003
25837.0,28000.6452
25837.0,27847.659400000004
25837.0,27743.059499999996
25837.0,27778.138700000003
25837.0,27703.211400000007
25837.0,27755.7445
25837.0,27783.602800000004
25837.0,27798.596400000002
25837.0,27838.6638
25837.0,27800.289599999996
25837.0,27916.459600000002
25837.0,27864.566499999997
25837.0,27854.325100000005
25837.0,27739.9314
25837.0,27736.237
25837.0,27642.323800000002
25837.0,27783.009000000002
25837.0,27829.887300000002
25837.0,27774.081500000008
25837.0,27818.5127
25837.0,27660.105499999998
25837.0,27564.374900000003
25837.0,27537.877399999998
25837.0,27629.490999999998
25837.0,27582.9076
25837.0,27563.31659999999
25837.0,27544.268299999996
25837.0,27627.043599999997
25837.0,27661.455200000004
25837.0,27681.140999999996
25837.0,27747.8409
25837.0,27677.3837
25837.0,27580.219999999994
25837.0,27456.693
25837.0,27323.108800000005
25837.0,27262.9794
25837.0,27214.495300000002
25837.0,27239.6993
25837.0,27271.4969
25837.0,27272.250999999997
25837.0,27278.733400000005
25837.0,27196.970699999994
25837.0,27231.402499999997
25837.0,27245.184
25837.0,27180.7694
25837.0,27160.9223
25837.0,27086.4223
25837.0,27155.779199999997
25837.0,27177.150600000004
25837.0,27327.165800000006
25837.0,27327.526300000005
25837.0,27362.6751
25837.0,27365.372600000002
25837.0,27222.717200000003
25837.0,27226.6699
25837.0,27278.204599999997
25837.0,27297.671299999998
25837.0,27308.9142
25837.0,27373.880800000003
25837.0,27287.9815
25837.0,27251.127500000002
25837.0,27289.836399999993
25837.0,27239.165599999997
25837.0,27242.0614
25837.0,27204.2153
25837.0,27184.6211
25837.0,27198.632299999997
25837.0,27181.531299999995
25837.0,27200.2261
25837.0,27115.3625
25837.0,27124.199099999998
25837.0,27090.337
25837.0,27150.2956
25837.0,27109.794100000006
25837.0,27192.0286
25837.0,27216.3868
25837.0,27206.770899999996
25837.0,27315.681
25837.0,27363.782399999996
25837.0,27284.872299999995
25837.0,27268.336700000003
25837.0,27274.939999999995
25837.0,27193.509299999998
25837.0,27200.9581
25837.0,27245.4886
25837.0,27229.235799999995
25837.0,27267.9389
25837.0,27381.9196
25837.0,27438.083700000007
25837.0,27434.851200000005
25837.0,27485.2278
25837.0,27459.308999999997
25837.0,27427.568899999995
25837.0,27295.4073
25837.0,27157.428999999996
25837.0,27125.201300000004
25837.0,27126.590399999997
25837.0,27151.5363
25837.0,27222.931700000005
25837.0,27247.994999999995
25837.0,27242.721899999997
25837.0,27238.199199999995
25837.0,27290.716099999998
25837.0,27360.090900000003
25837.0,27337.2618
25837.0,27336.7424
25837.0,27316.392099999997
25837.0,27367.27
25837.0,27445.135000000002
25837.0,27433.415
25837.0,27491.9755
25837.0,27456.0531
25837.0,27389.042200000004
25837.0,27266.3938
25837.0,27133.066899999998
25837.0,27083.2825
25837.0,27060.7598
25837.0,27021.926100000004
25837.0,27031.064999999995
25837.0,26988.6849
25837.0,26986.294999999995
25837.0,27021.157799999997
25837.0,27088.606799999998
25837.0,27086.166900000004
25837.0,27122.985999999997
25837.0,27122.394
25837.0,27069.64659999999
25837.0,27056.368700000003
25837.0,27084.963999999996
25837.0,27040.8739
25837.0,27115.7308
25837.0,27131.066899999998
25837.0,27095.7543
25837.0,27107.040299999993
25837.0,27071.943
25837.0,27157.411500000006
25837.0,27160.651599999994
25837.0,27149.602800000004
25837.0,27119.7181
25837.0,27151.0125
25837.0,27141.726100000007
25837.0,27126.979499999998
25837.0,27110.261199999997
25837.0,27033.3776
25837.0,27064.1509
25837.0,27020.884300000005
25837.0,27026.7321
25837.0,27034.1135
25837.0,27081.801900000002
25837.0,27031.9575
25837.0,27131.457800000004
25837.0,27121.558599999997
25837.0,27224.689300000005
25837.0,27190.79920000001
25837.0,27228.158700000007
25837.0,27205.3699
25837.0,27174.360599999996
25837.0,27149.708800000004
25837.0,27157.446800000005
25837.0,27224.3539
25837.0,27292.5924
25837.0,27372.1528
25837.0,27348.2092
25837.0,27341.678399999997
25837.0,27404.297499999997
25837.0,27404.2837
25837.0,27504.751899999996
25837.0,27396.932
25837.0,27474.063899999997
25837.0,27451.030500000004
25837.0,27478.418399999995
25837.0,27398.699900000007
25837.0,27531.3621
25837.0,27520.941700000007
25837.0,27507.7424
25837.0,27439.0192
25837.0,27356.112199999996
25837.0,27298.925
25837.0,27241.2733
25837.0,27238.064599999994
25837.0,27151.6928
25837.0,27192.487199999996
25837.0,27181.144800000002
25837.0,27243.185299999994
25837.0,27277.780100000004
25837.0,27158.2786
25837.0,27175.409600000003
25837.0,27146.905799999997
25837.0,27057.4113
25837.0,27001.424
25837.0,27030.4502
25837.0,27040.357799999998
25837.0,27022.731699999997
25837.0,26969.6501
25837.0,27106.200100000005
25837.0,27044.038299999997
25837.0,27085.750999999997
25837.0,27135.837900000002
25837.0,27164.9146
25837.0,27277.6044
25837.0,27186.6016
25837.0,27161.4463
25837.0,27202.314399999996
25837.0,27273.9875
25837.0,27278.764600000002
25837.0,27281.750399999997
25837.0,27370.557300000004
25837.0,27367.893200000002
25837.0,27415.262199999997
25837.0,27291.3452
25837.0,27311.8809
25837.0,27201.664300000004
25837.0,27121.631
25837.0,27121.808
25837.0,27105.947000000004
25837.0,27108.5157
25837.0,27158.2428
25837.0,27205.143899999995
25837.0,27090.8307
25837.0,27103.655299999995
25837.0,27049.167599999997
25837.0,27109.8729
25837.0,27018.055599999992
25837.0,26995.568799999997
25837.0,26997.9413
25837.0,27038.251399999997
25837.0,27044.753199999996
25837.0,27060.543599999997
25837.0,27035.277500000004
25837.0,27100.7416
25837.0,27139.458399999996
25837.0,27014.3846
25837.0,26906.0302
25837.0,26914.803600000003
25837.0,26910.6038
25837.0,26935.8911
25837.0,26982.601300000002
25837.0,26878.441
25837.0,26930.164900000003
25837.0,26970.48
25837.0,26976.9306
25837.0,27052.76
25837.0,26964.039399999998
25837.0,26883.9591
25837.0,26884.950600000004
25837.0,26907.3663
25837.0,26949.582999999995
25837.0,26939.7404
25837.0,26891.629000000004
25837.0,26832.3133
25837.0,26830.359900000003
25837.0,26807.1569
25837.0,26782.4463
25837.0,26764.8537
25837.0,26767.778100000003
25837.0,26801.733
25837.0,26811.003400000005
25837.0,26925.066699999996
25837.0,26952.494599999998
25837.0,26945.541500000003
25837.0,26955.57899999999
25837.0,26954.8729
25837.0,26959.536699999997
25837.0,26986.4085
25837.0,26915.687800000003
25837.0,26959.259000000002
25837.0,26886.815300000006
25837.0,26809.964
25837.0,26842.3427
25837.0,26794.2374
25837.0,26846.5784
25837.0,26867.2674
25837.0,26871.388400000003
25837.0,26933.6565
25837.0,26886.791599999997
25837.0,26857.520399999998
25837.0,26832.1608
25837.0,26793.039900000003
25837.0,26838.960600000002
25837.0,26823.4338
25837.0,26782.6788
25837.0,26778.610599999996
25837.0,26772.46379999999
25837.0,26695.641499999998
25837.0,26701.813799999996
25837.0,26731.865599999997
25837.0,26648.2888
25837.0,26753.689100000007
25837.0,26741.1583
25837.0,26842.9783
25837.0,26834.5635
25837.0,26810.176000000007
25837.0,26818.350300000002
25837.0,26974.3115
25837.0,26917.4056
25837.0,26885.586500000005
25837.0,26895.556700000005
25837.0,26889.349799999996
25837.0,26893.313000000006
25837.0,26875.1738
25837.0,26827.284499999998
25837.0,26869.917200000004
25837.0,26832.1221
25837.0,26860.0239
25837.0,26913.304599999996
25837.0,26972.113
25837.0,26965.8705
25837.0,26930.8321
25837.0,26925.2069
25837.0,26848.7223
25837.0,26825.1728
25837.0,26796.3252
25837.0,26813.0484
25837.0,26840.5825
25837.0,26816.496900000006
25837.0,26936.110000000004
25837.0,26940.892799999994
25837.0,26879.2465
25837.0,27021.6712
25837.0,26928.775200000004
25837.0,26934.736599999997
25837.0,26882.211500000005
25837.0,26861.661500000006
25837.0,26887.2028
25837.0,26914.8519
25837.0,26958.021200000007
25837.0,26960.8589
25837.0,26920.3768
25837.0,26856.5641
25837.0,26809.032799999997
25837.0,26823.2569
25837.0,26853.5915
25837.0,26823.9085
25837.0,26794.492299999994
25837.0,26873.264199999998
25837.0,26877.842799999995
25837.0,26952.629199999996
25837.0,27005.562299999998
25837.0,26992.286
25837.0,27026.9367
25837.0,26960.176800000005
25837.0,27017.781399999996
25837.0,27061.442499999997
25837.0,27155.9087
25837.0,27168.757900000004
25837.0,27196.789500000003
25837.0,27125.803399999997
25837.0,27061.9593
25837.0,26976.507299999997
25837.0,26857.2033
25837.0,26894.310099999995
25837.0,26857.458499999997
25837.0,26843.693900000002
25837.0,26918.476600000005
25837.0,27011.694500000005
25837.0,27062.6744
25837.0,27051.6607
25837.0,27039.789500000003
25837.0,27056.060000000005
25837.0,27143.9158
25837.0,27152.593799999995
25837.0,27154.202400000002
25837.0,27206.0586
25837.0,27152.7359
25837.0,26984.83680000001
25837.0,26925.83130000001
25837.0,26834.126100000005
25837.0,26781.687500000007
25837.0,26744.8473
25837.0,26823.465800000005
25837.0,26872.3038
25837.0,26803.08819999999
25837.0,26795.5103
25837.0,26847.490099999995
25837.0,26813.5909
25837.0,26865.050100000004
25837.0,26790.642299999996
25837.0,26915.69160000001
25837.0,26888.1836
25837.0,26977.532199999998
25837.0,27003.5237
25837.0,27075.253699999994
25837.0,27095.561000000005
25837.0,27113.8701
25837.0,27094.395399999998
25837.0,27128.3212
25837.0,27246.6963
25837.0,27306.540099999995
25837.0,27325.9414
25837.0,27343.736799999995
25837.0,27231.195700000004
25837.0,27125.4457
25837.0,27041.478499999997
25837.0,26945.0118
25837.0,26851.3576
25837.0,26787.557099999998
25837.0,26873.132999999994
25837.0,26881.0531
25837.0,26952.3054
25837.0,26920.528700000003
25837.0,26929.2455
25837.0,26926.728400000004
25837.0,26856.565199999994
25837.0,26905.5847
25837.0,26952.2843
25837.0,27000.7212
25837.0,26986.262
25837.0,26979.759500000004
25837.0,26975.843600000004
25837.0,27013.6854
25837.0,27070.284200000002
25837.0,27020.307800000002
25837.0,26930.79910000001
25837.0,26875.2523
25837.0,26906.313799999996
25837.0,26878.7235
25837.0,26879.964900000003
25837.0,26900.239500000003
25837.0,27044.3509
25837.0,27078.0836
25837.0,27053.633899999997
25837.0,27008.242699999995
25837.0,27001.031299999995
25837.0,26944.437299999998
25837.0,26905.1164
25837.0,26922.484099999994
25837.0,26921.322000000004
25837.0,26968.317
25837.0,27035.2994
25837.0,27083.206599999998
25837.0,27017.712699999996
25837.0,26984.8868
25837.0,27092.9291
25837.0,27117.799300000002
25837.0,27119.569899999995
25837.0,27235.9196
25837.0,27145.394300000004
25837.0,27097.827500000003
25837.0,27024.417900000008
25837.0,27048.7364
25837.0,27084.939699999995
25837.0,27128.2386
25837.0,27280.2621
25837.0,27308.738899999997
25837.0,27347.294400000006
25837.0,27294.142000000003
25837.0,27199.556
25837.0,27145.460099999997
25837.0,27059.8217
25837.0,26898.5635
25837.0,26841.2128
25837.0,26894.8958
25837.0,26867.7586
25837.0,26857.5136
25837.0,26937.4202
25837.0,26935.0055
25837.0,26981.4879
25837.0,27036.621699999996
25837.0,26972.939900000005
25837.0,27020.097500000003
25837.0,27057.399699999998
25837.0,27019.0731
25837.0,27019.3372
25837.0,27042.513400000003
25837.0,27060.954299999994
25837.0,27079.036100000005
25837.0,27113.375900000003
25837.0,27178.834600000002
25837.0,27224.1928
25837.0,27346.933500000006
25837.0,27354.37480000001
25837.0,27432.718500000006
25837.0,27429.6576
25837.0,27374.994599999998
25837.0,27479.43500000001
25837.0,27608.8219
25837.0,27636.4462
25837.0,27570.878500000003
25837.0,27563.1718
25837.0,27414.817400000007
25837.0,27270.493199999997
25837.0,27219.208899999998
25837.0,27224.9735
25837.0,27270.729499999998
25837.0,27267.1044
25837.0,27235.039899999996
25837.0,27215.3523
25837.0,27155.853699999996
25837.0,27099.79159999999
25837.0,27103.248299999996
25837.0,27172.932999999997
25837.0,27212.5958
25837.0,27275.303200000002
25837.0,27268.3243
25837.0,27249.636199999997
25837.0,27143.403499999997
25837.0,27163.8239
25837.0,27128.5566
25837.0,27147.0359
25837.0,27281.52019999999
25837.0,27334.546899999998
25837.0,27377.1534
25837.0,27367.2437
25837.0,27378.002400000005
25837.0,27383.3494
25837.0,27432.4548
25837.0,27497.8597
25837.0,27555.0605
25837.0,27670.580199999997
25837.0,27611.7455
25837.0,27501.3152
25837.0,27695.518899999995
25837.0,27650.542199999996
25837.0,27610.377399999998
25837.0,27544.4857
25837.0,27529.755599999997
25837.0,27447.324
25837.0,27319.224799999996
25837.0,27312.164500000003
25837.0,27263.235999999997
25837.0,27209.2184
25837.0,27138.5292
25837.0,27222.5611
25837.0,27210.667000000005
25837.0,27203.246100000008
25837.0,27178.329900000004
25837.0,27343.808300000004
25837.0,27295.892
25837.0,27335.0599
25837.0,27302.1016
25837.0,27296.2094
25837.0,27277.7569
25837.0,27279.0652
25837.0,27258.0523
25837.0,27314.513799999997
25837.0,27238.7336
25837.0,27344.687399999995
25837.0,27378.704500000003
25837.0,27396.1705
25837.0,27339.838000000007
25837.0,27321.9755
25837.0,27219.558800000006
25837.0,27225.321000000004
25837.0,27231.232499999995
25837.0,27226.3068
25837.0,27101.267000000003
25837.0,27157.1272
25837.0,27063.2379
25837.0,27141.4891
25837.0,27113.706899999997
25837.0,27144.706200000008
25837.0,27188.028399999992
25837.0,27163.292800000003
25837.0,27152.394099999998
25837.0,27215.162700000004
25837.0,27245.344399999994
25837.0,27100.341699999997
25837.0,27143.8537
25837.0,27091.860399999998
25837.0,26978.1679
25837.0,26896.465600000003
25837.0,26942.989899999997
25837.0,26927.3244
25837.0,26979.7637
25837.0,26934.1854
25837.0,27005.163900000003
25837.0,26997.605900000002
25837.0,27030.500399999997
25837.0,26988.626
25837.0,27072.347200000007
25837.0,27033.6765
25837.0,27002.2512
25837.0,27005.154499999997
25837.0,26975.043500000007
25837.0,27002.248
25837.0,27004.524299999997
25837.0,26995.573799999995
25837.0,26931.067500000005
25837.0,26979.442499999997
25837.0,27064.3523
25837.0,26978.492199999997
25837.0,26947.4496
25837.0,26888.927199999995
25837.0,26938.6981
25837.0,26955.542600000004
25837.0,26983.0848
25837.0,27017.9594
25837.0,27061.3043
25837.0,27141.8928
25837.0,27104.376899999996
25837.0,27223.5222
25837.0,27238.0864
25837.0,27279.645200000006
25837.0,27229.895500000002
25837.0,27074.5761
25837.0,26995.21489999999
25837.0,26946.523800000006
25837.0,26916.945900000002
25837.0,26968.365999999998
25837.0,26906.778299999994
25837.0,26985.919999999995
25837.0,27031.06059999999
25837.0,26988.561199999996
25837.0,27021.610599999996
25837.0,27050.5357
25837.0,27105.649800000003
25837.0,27042.184100000002
25837.0,27122.0701
25837.0,27129.617
25837.0,27088.317300000002
25837.0,27159.760000000002
25837.0,27175.175900000002
25837.0,27286.0654
25837.0,27300.565899999998
25837.0,27383.054600000003
25837.0,27327.0917
25837.0,27209.818300000003
25837.0,27137.916600000004
25837.0,27008.827100000002
25837.0,27041.234699999994
25837.0,26985.9951
25837.0,26973.7875
25837.0,26932.5429
25837.0,26987.2186
25837.0,26964.295700000006
25837.0,26994.740299999998
25837.0,27017.4904
25837.0,27114.203100000002
25837.0,27122.0418
25837.0,27137.2204
25837.0,27167.101000000002
25837.0,27209.3788
25837.0,27179.237100000006
25837.0,27180.652400000003
25837.0,27282.815800000004
25837.0,27272.172500000004
25837.0,27289.903
25837.0,27280.8571
25837.0,27295.785600000003
25837.0,27279.6928
25837.0,27184.8219
25837.0,27307.6832
25837.0,27270.081799999996
25837.0,27236.4728
25837.0,27228.368399999996
25837.0,27233.034499999998
